# local cross-corner waypoint xyz only
# region_key=TOP_LEFT
# region_name=1
# mesh=/home/eunseop/isaac/isaac_save/surface/workpiece_8.stl
# frame_mode=manual_xy_angle
# frame_angle_deg=45.000000
# region_u_min=0.412099, region_u_max=0.547100
# region_v_min=-0.215050, region_v_max=-0.100050
# columns: x y z

0.454642 0.164349 0.129667
0.441205 0.177765 0.126206
0.427663 0.191324 0.124603
0.414179 0.204846 0.125051
0.401126 0.217858 0.127660
0.387426 0.231655 0.132195
0.402457 0.246799 0.135015
0.416249 0.232975 0.130597
0.429491 0.219836 0.127981
0.442727 0.206405 0.127525
0.456272 0.192869 0.129140
0.469774 0.179418 0.132577
0.484605 0.194237 0.133027
0.471141 0.207733 0.129606
0.457603 0.221281 0.127992
0.444171 0.234517 0.128445
0.431050 0.247816 0.131052
0.417212 0.261567 0.135443
0.431962 0.276225 0.133781
0.445787 0.262550 0.129302
0.458829 0.249470 0.126691
0.472350 0.236017 0.126232
0.485887 0.222473 0.127846
0.499308 0.209010 0.131308
0.513996 0.223695 0.127478
0.500585 0.237095 0.124038
0.487020 0.250655 0.122475
0.473351 0.264185 0.122930
0.460471 0.277221 0.125477
0.446778 0.290860 0.130009
0.457604 0.305505 0.110000
0.471746 0.291363 0.110000
0.485888 0.277221 0.110000
0.500030 0.263079 0.110000
0.514172 0.248937 0.110000
0.528314 0.234795 0.110000
