# local cross-corner waypoint xyz only
# region_key=TOP_RIGHT
# region_name=2
# mesh=/home/eunseop/isaac/isaac_save/surface/workpiece_8.stl
# frame_mode=manual_xy_angle
# frame_angle_deg=45.000000
# region_u_min=0.597100, region_u_max=0.712100
# region_v_min=-0.215050, region_v_max=-0.100050
# columns: x y z

0.574302 0.283743 0.117754
0.560826 0.297481 0.114200
0.547493 0.310833 0.112747
0.533983 0.324147 0.113253
0.520583 0.337616 0.115730
0.506888 0.351060 0.120268
0.520437 0.364445 0.116929
0.534157 0.351009 0.112200
0.546484 0.337505 0.110069
0.560186 0.323239 0.110000
0.574251 0.310535 0.110644
0.587540 0.297375 0.114332
0.601171 0.310998 0.112831
0.588368 0.323188 0.110002
0.574277 0.337325 0.110000
0.560134 0.351467 0.110000
0.547046 0.364495 0.110691
0.534155 0.378029 0.115414
0.547479 0.391458 0.115820
0.561064 0.377897 0.111086
0.574277 0.365610 0.110000
0.588419 0.351467 0.110000
0.602184 0.337503 0.110078
0.614658 0.324210 0.113286
0.628096 0.337564 0.115818
0.614329 0.351051 0.112115
0.601238 0.364502 0.110653
0.587498 0.377865 0.111082
0.574277 0.391194 0.113684
0.560868 0.404859 0.118279
0.574276 0.418477 0.122715
0.587755 0.404862 0.118282
0.601228 0.391434 0.115844
0.614547 0.377719 0.115294
0.627961 0.364396 0.116757
0.641713 0.350904 0.120325
