# local cross-corner waypoint xyz only
# region_key=BOTTOM_LEFT
# region_name=3
# mesh=/home/eunseop/isaac/isaac_save/surface/workpiece_8.stl
# frame_mode=manual_xy_angle
# frame_angle_deg=45.000000
# region_u_min=0.412099, region_u_max=0.547100
# region_v_min=-0.400050, region_v_max=-0.265050
# columns: x y z

0.574277 0.047411 0.110000
0.560134 0.061553 0.110000
0.545992 0.075695 0.110000
0.531850 0.089837 0.110000
0.517708 0.103980 0.110000
0.503566 0.118122 0.110000
0.517708 0.132264 0.110000
0.531850 0.118122 0.110000
0.545992 0.103980 0.110000
0.560134 0.089837 0.110000
0.574277 0.075695 0.110000
0.588419 0.061553 0.110000
0.602561 0.075695 0.110000
0.588419 0.089837 0.110000
0.574277 0.103980 0.110000
0.560134 0.118122 0.110000
0.545992 0.132264 0.110000
0.531850 0.146406 0.110000
0.545992 0.160548 0.110000
0.560134 0.146406 0.110000
0.574277 0.132264 0.110000
0.588419 0.118122 0.110000
0.602561 0.103980 0.110000
0.616703 0.089837 0.110000
0.630845 0.103980 0.110000
0.616703 0.118122 0.110000
0.602561 0.132264 0.110000
0.588419 0.146406 0.110000
0.574277 0.160548 0.110000
0.560134 0.174690 0.110000
0.574277 0.188832 0.110000
0.588419 0.174690 0.110000
0.602561 0.160548 0.110000
0.616703 0.146406 0.110000
0.630845 0.132264 0.110000
0.644987 0.118122 0.110000
