# local cross-corner waypoint xyz only
# region_key=BOTTOM_RIGHT
# region_name=4
# mesh=/home/eunseop/isaac/isaac_save/surface/workpiece_8.stl
# frame_mode=manual_xy_angle
# frame_angle_deg=45.000000
# region_u_min=0.597100, region_u_max=0.712100
# region_v_min=-0.400050, region_v_max=-0.265050
# columns: x y z

0.690779 0.161409 0.125607
0.705557 0.176024 0.129376
0.720317 0.190701 0.131048
0.735222 0.205640 0.130632
0.750144 0.220692 0.127789
0.764818 0.235465 0.122830
0.749968 0.250364 0.125510
0.735255 0.235766 0.130592
0.720394 0.220652 0.133569
0.705302 0.205549 0.134016
0.690519 0.190895 0.132266
0.675887 0.176232 0.128343
0.660872 0.191132 0.128748
0.675582 0.205874 0.132710
0.690328 0.220652 0.134485
0.705302 0.235621 0.134033
0.720365 0.250651 0.131010
0.735101 0.265343 0.125899
0.720397 0.280075 0.124420
0.705457 0.265407 0.129462
0.690373 0.250431 0.132396
0.675506 0.235572 0.132829
0.660801 0.220784 0.131114
0.646076 0.205946 0.127232
0.631407 0.220835 0.123453
0.646030 0.235652 0.127132
0.660693 0.250347 0.128753
0.675516 0.265253 0.128333
0.690581 0.280132 0.125572
0.705432 0.294847 0.120696
0.690949 0.305505 0.110000
0.676807 0.292082 0.109987
0.662665 0.277221 0.110000
0.648523 0.263079 0.110000
0.633662 0.248937 0.109993
0.620239 0.234795 0.110000
