0.298431 -0.399307 0.0977402 0 0 0 0 0 0
0.303501 -0.399289 0.0977402 0 0 0 0 0 0
0.3174 -0.399241 0.0977402 0 0 0 0 0 0
0.338167 -0.399168 0.0977402 0 0 0 0 0 0
0.363837 -0.399079 0.0977402 0 0 0 0 0 0
0.392449 -0.398979 0.0977402 0 0 0 0 0 0
0.422039 -0.398876 0.0977402 0 0 0 0 0 0
0.450643 -0.398776 0.0977402 0 0 0 0 0 0
0.4763 -0.398686 0.0977402 0 0 0 0 0 0
0.497045 -0.398614 0.0977402 0 0 0 0 0 0
0.516923 -0.399411 0.0977402 0 0 0 0 0 0
0.54035 -0.401495 0.0977402 0 0 0 0 0 0
0.56604 -0.404221 0.0977402 0 0 0 0 0 0
0.592707 -0.406944 0.0977402 0 0 0 0 0 0
0.619064 -0.409017 0.0977402 0 0 0 0 0 0
0.643824 -0.409797 0.0977402 0 0 0 0 0 0
0.665701 -0.408638 0.0977402 0 0 0 0 0 0
0.683408 -0.404894 0.0977402 0 0 0 0 0 0
0.695659 -0.397921 0.0977402 0 0 0 0 0 0
0.704141 -0.384876 0.0977402 0 0 0 0 0 0
0.710975 -0.364994 0.0977402 0 0 0 0 0 0
0.716054 -0.340231 0.0977402 0 0 0 0 0 0
0.71927 -0.31254 0.0977402 0 0 0 0 0 0
0.720515 -0.283877 0.0977402 0 0 0 0 0 0
0.719681 -0.256199 0.0977402 0 0 0 0 0 0
0.716661 -0.231458 0.0977402 0 0 0 0 0 0
0.711347 -0.211612 0.0977402 0 0 0 0 0 0
0.703631 -0.198614 0.0977402 0 0 0 0 0 0
0.692899 -0.192262 0.0977402 0 0 0 0 0 0
0.67717 -0.188608 0.0977402 0 0 0 0 0 0
0.657485 -0.187175 0.0977402 0 0 0 0 0 0
0.634884 -0.187487 0.0977402 0 0 0 0 0 0
0.61041 -0.189067 0.0977402 0 0 0 0 0 0
0.585102 -0.191438 0.0977402 0 0 0 0 0 0
0.560001 -0.194124 0.0977402 0 0 0 0 0 0
0.536149 -0.196649 0.0977402 0 0 0 0 0 0
0.514586 -0.198535 0.0977402 0 0 0 0 0 0
0.496352 -0.199307 0.0977402 0 0 0 0 0 0
0.476141 -0.200243 0.0977402 0 0 0 0 0 0
0.452474 -0.202491 0.0977402 0 0 0 0 0 0
0.426633 -0.205396 0.0977402 0 0 0 0 0 0
0.399901 -0.208305 0.0977402 0 0 0 0 0 0
0.373558 -0.210563 0.0977402 0 0 0 0 0 0
0.348889 -0.211516 0.0977402 0 0 0 0 0 0
0.327174 -0.210509 0.0977402 0 0 0 0 0 0
0.309697 -0.206889 0.0977402 0 0 0 0 0 0
0.297738 -0.2 0.0977402 0 0 0 0 0 0
0.28973 -0.187009 0.0977402 0 0 0 0 0 0
0.283621 -0.167168 0.0977402 0 0 0 0 0 0
0.279446 -0.142432 0.0977402 0 0 0 0 0 0
0.277241 -0.114755 0.0977402 0 0 0 0 0 0
0.277043 -0.0860934 0.0977402 0 0 0 0 0 0
0.278889 -0.0584012 0.0977402 0 0 0 0 0 0
0.282813 -0.0336337 0.0977402 0 0 0 0 0 0
0.288854 -0.0137461 0.0977402 0 0 0 0 0 0
0.297045 -0.000693214 0.0977402 0 0 0 0 0 0
0.308011 0.00573203 0.0977402 0 0 0 0 0 0
0.323876 0.00949182 0.0977402 0 0 0 0 0 0
0.343616 0.011056 0.0977402 0 0 0 0 0 0
0.366207 0.0108946 0.0977402 0 0 0 0 0 0
0.390627 0.00947732 0.0977402 0 0 0 0 0 0
0.415851 0.00727414 0.0977402 0 0 0 0 0 0
0.440857 0.00475493 0.0977402 0 0 0 0 0 0
0.46462 0.00238956 0.0977402 0 0 0 0 0 0
0.486117 0.000647913 0.0977402 0 0 0 0 0 0
0.504325 -1.19209e-07 0.0977402 0 0 0 0 0 0
0.524532 -0.000806307 0.0977402 0 0 0 0 0 0
0.548191 -0.00291342 0.0977402 0 0 0 0 0 0
0.574022 -0.00566929 0.0977402 0 0 0 0 0 0
0.600744 -0.00842175 0.0977402 0 0 0 0 0 0
0.627078 -0.0105186 0.0977402 0 0 0 0 0 0
0.651744 -0.0113078 0.0977402 0 0 0 0 0 0
0.673463 -0.010137 0.0977402 0 0 0 0 0 0
0.690954 -0.00635411 0.0977402 0 0 0 0 0 0
0.702938 0.00069301 0.0977402 0 0 0 0 0 0
0.710734 0.0136733 0.0977402 0 0 0 0 0 0
0.716546 0.0335393 0.0977402 0 0 0 0 0 0
0.720382 0.0583218 0.0977402 0 0 0 0 0 0
0.722248 0.086052 0.0977402 0 0 0 0 0 0
0.72215 0.114761 0.0977402 0 0 0 0 0 0
0.720095 0.142479 0.0977402 0 0 0 0 0 0
0.716088 0.167237 0.0977402 0 0 0 0 0 0
0.710136 0.187067 0.0977402 0 0 0 0 0 0
0.702245 0.2 0.0977402 0 0 0 0 0 0
0.690177 0.206957 0.0977402 0 0 0 0 0 0
0.67256 0.210614 0.0977402 0 0 0 0 0 0
0.650701 0.211631 0.0977402 0 0 0 0 0 0
0.625907 0.21067 0.0977402 0 0 0 0 0 0
0.599483 0.20839 0.0977402 0 0 0 0 0 0
0.572737 0.205453 0.0977402 0 0 0 0 0 0
0.546976 0.20252 0.0977402 0 0 0 0 0 0
0.523505 0.200251 0.0977402 0 0 0 0 0 0
0.503631 0.199307 0.0977402 0 0 0 0 0 0
0.483735 0.198362 0.0977402 0 0 0 0 0 0
0.460253 0.196091 0.0977402 0 0 0 0 0 0
0.43449 0.193155 0.0977402 0 0 0 0 0 0
0.407749 0.190216 0.0977402 0 0 0 0 0 0
0.381335 0.187934 0.0977402 0 0 0 0 0 0
0.356551 0.186972 0.0977402 0 0 0 0 0 0
0.334701 0.187991 0.0977402 0 0 0 0 0 0
0.317089 0.191651 0.0977402 0 0 0 0 0 0
0.305018 0.198614 0.0977402 0 0 0 0 0 0
0.297132 0.211539 0.0977402 0 0 0 0 0 0
0.291182 0.231364 0.0977402 0 0 0 0 0 0
0.287173 0.256119 0.0977402 0 0 0 0 0 0
0.285114 0.283836 0.0977402 0 0 0 0 0 0
0.285013 0.312544 0.0977402 0 0 0 0 0 0
0.286875 0.340276 0.0977402 0 0 0 0 0 0
0.29071 0.365062 0.0977402 0 0 0 0 0 0
0.296524 0.384933 0.0977402 0 0 0 0 0 0
0.304325 0.397921 0.0977402 0 0 0 0 0 0
0.317028 0.404964 0.0977402 0 0 0 0 0 0
0.336331 0.40875 0.0977402 0 0 0 0 0 0
0.360407 0.409927 0.0977402 0 0 0 0 0 0
0.387433 0.409147 0.0977402 0 0 0 0 0 0
0.415583 0.407058 0.0977402 0 0 0 0 0 0
0.443033 0.40431 0.0977402 0 0 0 0 0 0
0.467959 0.401554 0.0977402 0 0 0 0 0 0
0.488535 0.399438 0.0977402 0 0 0 0 0 0
0.502938 0.398614 0.0977402 0 0 0 0 0 0
0.529188 0.398705 0.0977402 0 0 0 0 0 0
0.557768 0.398805 0.0977402 0 0 0 0 0 0
0.587232 0.398908 0.0977402 0 0 0 0 0 0
0.616134 0.399009 0.0977402 0 0 0 0 0 0
0.643026 0.399103 0.0977402 0 0 0 0 0 0
0.66646 0.399184 0.0977402 0 0 0 0 0 0
0.684991 0.399249 0.0977402 0 0 0 0 0 0
0.697171 0.399291 0.0977402 0 0 0 0 0 0
