0.702824 -0.441075 0.0977402 0 0 0 0 0 0
0.702457 -0.437611 0.0977402 0 0 0 0 0 0
0.702317 -0.436292 0.0977402 0 0 0 0 0 0
0.701539 -0.428946 0.0977402 0 0 0 0 0 0
0.701291 -0.4266 0.0977402 0 0 0 0 0 0
0.700622 -0.42028 0.0977402 0 0 0 0 0 0
0.700265 -0.416908 0.0977402 0 0 0 0 0 0
0.699704 -0.411615 0.0977402 0 0 0 0 0 0
0.699238 -0.407216 0.0977402 0 0 0 0 0 0
0.698786 -0.402949 0.0977402 0 0 0 0 0 0
0.698212 -0.397524 0.0977402 0 0 0 0 0 0
0.697869 -0.394284 0.0977402 0 0 0 0 0 0
0.697186 -0.387832 0.0977402 0 0 0 0 0 0
0.696951 -0.385618 0.0977402 0 0 0 0 0 0
0.696159 -0.378141 0.0977402 0 0 0 0 0 0
0.696033 -0.376953 0.0977402 0 0 0 0 0 0
0.695483 -0.371751 0.0977402 0 0 0 0 0 0
0.695483 -0.371751 0.0977402 0 0 0 0 0 0
0.695538 -0.368854 0.0977402 0 0 0 0 0 0
0.695549 -0.368287 0.0977402 0 0 0 0 0 0
0.6957 -0.360351 0.0977402 0 0 0 0 0 0
0.695714 -0.359622 0.0977402 0 0 0 0 0 0
0.695863 -0.351848 0.0977402 0 0 0 0 0 0
0.69588 -0.350956 0.0977402 0 0 0 0 0 0
0.696025 -0.343344 0.0977402 0 0 0 0 0 0
0.696045 -0.342291 0.0977402 0 0 0 0 0 0
0.696188 -0.334841 0.0977402 0 0 0 0 0 0
0.696211 -0.333625 0.0977402 0 0 0 0 0 0
0.69635 -0.326338 0.0977402 0 0 0 0 0 0
0.696376 -0.32496 0.0977402 0 0 0 0 0 0
0.696512 -0.317835 0.0977402 0 0 0 0 0 0
0.696542 -0.316294 0.0977402 0 0 0 0 0 0
0.696675 -0.309332 0.0977402 0 0 0 0 0 0
0.696707 -0.307629 0.0977402 0 0 0 0 0 0
0.696807 -0.302427 0.0977402 0 0 0 0 0 0
0.696807 -0.302427 0.0977402 0 0 0 0 0 0
0.696837 -0.300829 0.0977402 0 0 0 0 0 0
0.696873 -0.298963 0.0977402 0 0 0 0 0 0
0.697 -0.292326 0.0977402 0 0 0 0 0 0
0.697038 -0.290298 0.0977402 0 0 0 0 0 0
0.697162 -0.283823 0.0977402 0 0 0 0 0 0
0.697204 -0.281632 0.0977402 0 0 0 0 0 0
0.697324 -0.27532 0.0977402 0 0 0 0 0 0
0.697369 -0.272967 0.0977402 0 0 0 0 0 0
0.697487 -0.266817 0.0977402 0 0 0 0 0 0
0.697535 -0.264301 0.0977402 0 0 0 0 0 0
0.697649 -0.258313 0.0977402 0 0 0 0 0 0
0.6977 -0.255636 0.0977402 0 0 0 0 0 0
0.697812 -0.24981 0.0977402 0 0 0 0 0 0
0.697866 -0.24697 0.0977402 0 0 0 0 0 0
0.697974 -0.241307 0.0977402 0 0 0 0 0 0
0.698032 -0.238305 0.0977402 0 0 0 0 0 0
0.698131 -0.233103 0.0977402 0 0 0 0 0 0
0.698131 -0.233103 0.0977402 0 0 0 0 0 0
0.698137 -0.232805 0.0977402 0 0 0 0 0 0
0.698206 -0.229639 0.0977402 0 0 0 0 0 0
0.698322 -0.224325 0.0977402 0 0 0 0 0 0
0.698396 -0.220973 0.0977402 0 0 0 0 0 0
0.698508 -0.215844 0.0977402 0 0 0 0 0 0
0.698585 -0.212308 0.0977402 0 0 0 0 0 0
0.698693 -0.207364 0.0977402 0 0 0 0 0 0
0.698774 -0.203642 0.0977402 0 0 0 0 0 0
0.698878 -0.198883 0.0977402 0 0 0 0 0 0
0.698963 -0.194977 0.0977402 0 0 0 0 0 0
0.699063 -0.190403 0.0977402 0 0 0 0 0 0
0.699152 -0.186311 0.0977402 0 0 0 0 0 0
0.699248 -0.181923 0.0977402 0 0 0 0 0 0
0.699341 -0.177646 0.0977402 0 0 0 0 0 0
0.699433 -0.173442 0.0977402 0 0 0 0 0 0
0.699455 -0.172444 0.0977402 0 0 0 0 0 0
0.699455 -0.172444 0.0977402 0 0 0 0 0 0
0.699521 -0.16898 0.0977402 0 0 0 0 0 0
0.699598 -0.164942 0.0977402 0 0 0 0 0 0
0.699687 -0.160315 0.0977402 0 0 0 0 0 0
0.699761 -0.156439 0.0977402 0 0 0 0 0 0
0.699852 -0.151649 0.0977402 0 0 0 0 0 0
0.699923 -0.147936 0.0977402 0 0 0 0 0 0
0.700018 -0.142984 0.0977402 0 0 0 0 0 0
0.700086 -0.139432 0.0977402 0 0 0 0 0 0
0.700183 -0.134318 0.0977402 0 0 0 0 0 0
0.700248 -0.130929 0.0977402 0 0 0 0 0 0
0.700349 -0.125653 0.0977402 0 0 0 0 0 0
0.70041 -0.122426 0.0977402 0 0 0 0 0 0
0.700514 -0.116987 0.0977402 0 0 0 0 0 0
0.700573 -0.113923 0.0977402 0 0 0 0 0 0
0.70068 -0.108322 0.0977402 0 0 0 0 0 0
0.700735 -0.10542 0.0977402 0 0 0 0 0 0
0.700779 -0.10312 0.0977402 0 0 0 0 0 0
0.700779 -0.10312 0.0977402 0 0 0 0 0 0
0.700845 -0.0996563 0.0977402 0 0 0 0 0 0
0.700898 -0.0969169 0.0977402 0 0 0 0 0 0
0.701011 -0.0909907 0.0977402 0 0 0 0 0 0
0.70106 -0.0884138 0.0977402 0 0 0 0 0 0
0.701176 -0.0823252 0.0977402 0 0 0 0 0 0
0.701222 -0.0799107 0.0977402 0 0 0 0 0 0
0.701342 -0.0736597 0.0977402 0 0 0 0 0 0
0.701385 -0.0714076 0.0977402 0 0 0 0 0 0
0.701507 -0.0649942 0.0977402 0 0 0 0 0 0
0.701547 -0.0629045 0.0977402 0 0 0 0 0 0
0.701673 -0.0563287 0.0977402 0 0 0 0 0 0
0.70171 -0.0544014 0.0977402 0 0 0 0 0 0
0.701838 -0.0476632 0.0977402 0 0 0 0 0 0
0.701872 -0.0458983 0.0977402 0 0 0 0 0 0
0.702004 -0.0389977 0.0977402 0 0 0 0 0 0
0.702035 -0.0373952 0.0977402 0 0 0 0 0 0
0.702103 -0.0337961 0.0977402 0 0 0 0 0 0
0.702103 -0.0337961 0.0977402 0 0 0 0 0 0
0.702222 -0.0303321 0.0977402 0 0 0 0 0 0
0.702268 -0.0289636 0.0977402 0 0 0 0 0 0
0.702518 -0.0216666 0.0977402 0 0 0 0 0 0
0.702555 -0.0205846 0.0977402 0 0 0 0 0 0
0.702814 -0.0130011 0.0977402 0 0 0 0 0 0
0.702841 -0.0122056 0.0977402 0 0 0 0 0 0
0.703111 -0.00433558 0.0977402 0 0 0 0 0 0
0.703128 -0.00382659 0.0977402 0 0 0 0 0 0
0.703407 0.00432998 0.0977402 0 0 0 0 0 0
0.703414 0.00455248 0.0977402 0 0 0 0 0 0
0.703637 0.0110602 0.0977402 0 0 0 0 0 0
0.703701 0.0129315 0.0977402 0 0 0 0 0 0
0.703703 0.0129955 0.0977402 0 0 0 0 0 0
0.703987 0.0213105 0.0977402 0 0 0 0 0 0
0.703999 0.021661 0.0977402 0 0 0 0 0 0
0.704274 0.0296895 0.0977402 0 0 0 0 0 0
0.704296 0.0303265 0.0977402 0 0 0 0 0 0
0.704439 0.0345165 0.0977402 0 0 0 0 0 0
0.704439 0.0345165 0.0977402 0 0 0 0 0 0
0.704508 0.0381212 0.0977402 0 0 0 0 0 0
0.704524 0.038992 0.0977402 0 0 0 0 0 0
0.70467 0.0466243 0.0977402 0 0 0 0 0 0
0.70469 0.0476575 0.0977402 0 0 0 0 0 0
0.704833 0.0551274 0.0977402 0 0 0 0 0 0
0.704855 0.0563231 0.0977402 0 0 0 0 0 0
0.704995 0.0636305 0.0977402 0 0 0 0 0 0
0.705021 0.0649886 0.0977402 0 0 0 0 0 0
0.705157 0.0721336 0.0977402 0 0 0 0 0 0
0.705186 0.0736541 0.0977402 0 0 0 0 0 0
0.70532 0.0806367 0.0977402 0 0 0 0 0 0
0.705352 0.0823196 0.0977402 0 0 0 0 0 0
0.705482 0.0891398 0.0977402 0 0 0 0 0 0
0.705518 0.0909851 0.0977402 0 0 0 0 0 0
0.705645 0.0976429 0.0977402 0 0 0 0 0 0
0.705683 0.0996506 0.0977402 0 0 0 0 0 0
0.705763 0.103841 0.0977402 0 0 0 0 0 0
0.705763 0.103841 0.0977402 0 0 0 0 0 0
0.705807 0.106146 0.0977402 0 0 0 0 0 0
0.705849 0.108316 0.0977402 0 0 0 0 0 0
0.70597 0.114649 0.0977402 0 0 0 0 0 0
0.706014 0.116982 0.0977402 0 0 0 0 0 0
0.706132 0.123152 0.0977402 0 0 0 0 0 0
0.70618 0.125647 0.0977402 0 0 0 0 0 0
0.706294 0.131655 0.0977402 0 0 0 0 0 0
0.706345 0.134313 0.0977402 0 0 0 0 0 0
0.706457 0.140158 0.0977402 0 0 0 0 0 0
0.706511 0.142978 0.0977402 0 0 0 0 0 0
0.706619 0.148662 0.0977402 0 0 0 0 0 0
0.706676 0.151644 0.0977402 0 0 0 0 0 0
0.706782 0.157165 0.0977402 0 0 0 0 0 0
0.706842 0.160309 0.0977402 0 0 0 0 0 0
0.706944 0.165668 0.0977402 0 0 0 0 0 0
0.707007 0.168975 0.0977402 0 0 0 0 0 0
0.707087 0.173165 0.0977402 0 0 0 0 0 0
0.707087 0.173165 0.0977402 0 0 0 0 0 0
0.707109 0.174168 0.0977402 0 0 0 0 0 0
0.707185 0.17764 0.0977402 0 0 0 0 0 0
0.707294 0.182649 0.0977402 0 0 0 0 0 0
0.707374 0.186306 0.0977402 0 0 0 0 0 0
0.707479 0.191129 0.0977402 0 0 0 0 0 0
0.707563 0.194971 0.0977402 0 0 0 0 0 0
0.707664 0.199609 0.0977402 0 0 0 0 0 0
0.707752 0.203637 0.0977402 0 0 0 0 0 0
0.70785 0.20809 0.0977402 0 0 0 0 0 0
0.707942 0.212302 0.0977402 0 0 0 0 0 0
0.708035 0.21657 0.0977402 0 0 0 0 0 0
0.708131 0.220968 0.0977402 0 0 0 0 0 0
0.70822 0.225051 0.0977402 0 0 0 0 0 0
0.70832 0.229633 0.0977402 0 0 0 0 0 0
0.708405 0.233531 0.0977402 0 0 0 0 0 0
0.708411 0.233823 0.0977402 0 0 0 0 0 0
0.708411 0.233823 0.0977402 0 0 0 0 0 0
0.708497 0.238299 0.0977402 0 0 0 0 0 0
0.708568 0.242033 0.0977402 0 0 0 0 0 0
0.708662 0.246964 0.0977402 0 0 0 0 0 0
0.708731 0.250536 0.0977402 0 0 0 0 0 0
0.708828 0.25563 0.0977402 0 0 0 0 0 0
0.708893 0.259039 0.0977402 0 0 0 0 0 0
0.708993 0.264295 0.0977402 0 0 0 0 0 0
0.709055 0.267543 0.0977402 0 0 0 0 0 0
0.709159 0.272961 0.0977402 0 0 0 0 0 0
0.709218 0.276046 0.0977402 0 0 0 0 0 0
0.709324 0.281627 0.0977402 0 0 0 0 0 0
0.70938 0.284549 0.0977402 0 0 0 0 0 0
0.70949 0.290292 0.0977402 0 0 0 0 0 0
0.709543 0.293052 0.0977402 0 0 0 0 0 0
0.709655 0.298958 0.0977402 0 0 0 0 0 0
0.709705 0.301555 0.0977402 0 0 0 0 0 0
0.709735 0.303148 0.0977402 0 0 0 0 0 0
0.709735 0.303148 0.0977402 0 0 0 0 0 0
0.709821 0.307623 0.0977402 0 0 0 0 0 0
0.709867 0.310058 0.0977402 0 0 0 0 0 0
0.709986 0.316289 0.0977402 0 0 0 0 0 0
0.71003 0.318561 0.0977402 0 0 0 0 0 0
0.710152 0.324954 0.0977402 0 0 0 0 0 0
0.710192 0.327064 0.0977402 0 0 0 0 0 0
0.710318 0.33362 0.0977402 0 0 0 0 0 0
0.710355 0.335567 0.0977402 0 0 0 0 0 0
0.710483 0.342285 0.0977402 0 0 0 0 0 0
0.710517 0.34407 0.0977402 0 0 0 0 0 0
0.710649 0.350951 0.0977402 0 0 0 0 0 0
0.71068 0.352574 0.0977402 0 0 0 0 0 0
0.710814 0.359616 0.0977402 0 0 0 0 0 0
0.710842 0.361077 0.0977402 0 0 0 0 0 0
0.71098 0.368282 0.0977402 0 0 0 0 0 0
0.711004 0.36958 0.0977402 0 0 0 0 0 0
0.71106 0.372472 0.0977402 0 0 0 0 0 0
0.71106 0.372472 0.0977402 0 0 0 0 0 0
0.710586 0.376947 0.0977402 0 0 0 0 0 0
0.710382 0.378867 0.0977402 0 0 0 0 0 0
0.709668 0.385613 0.0977402 0 0 0 0 0 0
0.709356 0.388559 0.0977402 0 0 0 0 0 0
0.70875 0.394278 0.0977402 0 0 0 0 0 0
0.70833 0.398251 0.0977402 0 0 0 0 0 0
0.707833 0.402944 0.0977402 0 0 0 0 0 0
0.707303 0.407943 0.0977402 0 0 0 0 0 0
0.706915 0.411609 0.0977402 0 0 0 0 0 0
0.706277 0.417635 0.0977402 0 0 0 0 0 0
0.705997 0.420275 0.0977402 0 0 0 0 0 0
0.705251 0.427327 0.0977402 0 0 0 0 0 0
0.70508 0.42894 0.0977402 0 0 0 0 0 0
0.704224 0.437019 0.0977402 0 0 0 0 0 0
0.704162 0.437606 0.0977402 0 0 0 0 0 0
0.703718 0.441796 0.0977402 0 0 0 0 0 0
0.703718 0.441796 0.0977402 0 0 0 0 0 0
0.703637 0.441797 0.0977402 0 0 0 0 0 0
0.699411 0.441831 0.0977402 0 0 0 0 0 0
0.694971 0.441868 0.0977402 0 0 0 0 0 0
0.690674 0.441903 0.0977402 0 0 0 0 0 0
0.686306 0.441939 0.0977402 0 0 0 0 0 0
0.681936 0.441975 0.0977402 0 0 0 0 0 0
0.67764 0.442011 0.0977402 0 0 0 0 0 0
0.673199 0.442047 0.0977402 0 0 0 0 0 0
0.668975 0.442082 0.0977402 0 0 0 0 0 0
0.664461 0.442119 0.0977402 0 0 0 0 0 0
0.660309 0.442154 0.0977402 0 0 0 0 0 0
0.655724 0.442191 0.0977402 0 0 0 0 0 0
0.651644 0.442225 0.0977402 0 0 0 0 0 0
0.646986 0.442263 0.0977402 0 0 0 0 0 0
0.642978 0.442297 0.0977402 0 0 0 0 0 0
0.642556 0.4423 0.0977402 0 0 0 0 0 0
0.642556 0.4423 0.0977402 0 0 0 0 0 0
0.642475 0.438109 0.0977402 0 0 0 0 0 0
0.642466 0.437606 0.0977402 0 0 0 0 0 0
0.642313 0.429606 0.0977402 0 0 0 0 0 0
0.6423 0.42894 0.0977402 0 0 0 0 0 0
0.642151 0.421103 0.0977402 0 0 0 0 0 0
0.642135 0.420275 0.0977402 0 0 0 0 0 0
0.641988 0.412599 0.0977402 0 0 0 0 0 0
0.641969 0.411609 0.0977402 0 0 0 0 0 0
0.641826 0.404096 0.0977402 0 0 0 0 0 0
0.641804 0.402944 0.0977402 0 0 0 0 0 0
0.641663 0.395593 0.0977402 0 0 0 0 0 0
0.641638 0.394278 0.0977402 0 0 0 0 0 0
0.641501 0.38709 0.0977402 0 0 0 0 0 0
0.641473 0.385613 0.0977402 0 0 0 0 0 0
0.641339 0.378587 0.0977402 0 0 0 0 0 0
0.641307 0.376947 0.0977402 0 0 0 0 0 0
0.641231 0.372976 0.0977402 0 0 0 0 0 0
0.641231 0.372976 0.0977402 0 0 0 0 0 0
0.641176 0.370084 0.0977402 0 0 0 0 0 0
0.641142 0.368282 0.0977402 0 0 0 0 0 0
0.641014 0.361581 0.0977402 0 0 0 0 0 0
0.640976 0.359616 0.0977402 0 0 0 0 0 0
0.640851 0.353078 0.0977402 0 0 0 0 0 0
0.640811 0.350951 0.0977402 0 0 0 0 0 0
0.640689 0.344575 0.0977402 0 0 0 0 0 0
0.640645 0.342285 0.0977402 0 0 0 0 0 0
0.640526 0.336071 0.0977402 0 0 0 0 0 0
0.64048 0.33362 0.0977402 0 0 0 0 0 0
0.640364 0.327568 0.0977402 0 0 0 0 0 0
0.640314 0.324954 0.0977402 0 0 0 0 0 0
0.640202 0.319065 0.0977402 0 0 0 0 0 0
0.640149 0.316289 0.0977402 0 0 0 0 0 0
0.640039 0.310562 0.0977402 0 0 0 0 0 0
0.639983 0.307623 0.0977402 0 0 0 0 0 0
0.639907 0.303652 0.0977402 0 0 0 0 0 0
0.639907 0.303652 0.0977402 0 0 0 0 0 0
0.639877 0.302059 0.0977402 0 0 0 0 0 0
0.639818 0.298958 0.0977402 0 0 0 0 0 0
0.639714 0.293556 0.0977402 0 0 0 0 0 0
0.639652 0.290292 0.0977402 0 0 0 0 0 0
0.639552 0.285053 0.0977402 0 0 0 0 0 0
0.639487 0.281627 0.0977402 0 0 0 0 0 0
0.63939 0.27655 0.0977402 0 0 0 0 0 0
0.639321 0.272961 0.0977402 0 0 0 0 0 0
0.639227 0.268047 0.0977402 0 0 0 0 0 0
0.639155 0.264295 0.0977402 0 0 0 0 0 0
0.639065 0.259544 0.0977402 0 0 0 0 0 0
0.63899 0.25563 0.0977402 0 0 0 0 0 0
0.638902 0.25104 0.0977402 0 0 0 0 0 0
0.638824 0.246964 0.0977402 0 0 0 0 0 0
0.63874 0.242537 0.0977402 0 0 0 0 0 0
0.638659 0.238299 0.0977402 0 0 0 0 0 0
0.638583 0.234328 0.0977402 0 0 0 0 0 0
0.638583 0.234328 0.0977402 0 0 0 0 0 0
0.638577 0.234035 0.0977402 0 0 0 0 0 0
0.638481 0.229633 0.0977402 0 0 0 0 0 0
0.638392 0.225555 0.0977402 0 0 0 0 0 0
0.638291 0.220968 0.0977402 0 0 0 0 0 0
0.638206 0.217074 0.0977402 0 0 0 0 0 0
0.638102 0.212302 0.0977402 0 0 0 0 0 0
0.638021 0.208594 0.0977402 0 0 0 0 0 0
0.637913 0.203637 0.0977402 0 0 0 0 0 0
0.637836 0.200113 0.0977402 0 0 0 0 0 0
0.637724 0.194971 0.0977402 0 0 0 0 0 0
0.637651 0.191633 0.0977402 0 0 0 0 0 0
0.637535 0.186306 0.0977402 0 0 0 0 0 0
0.637466 0.183153 0.0977402 0 0 0 0 0 0
0.637346 0.17764 0.0977402 0 0 0 0 0 0
0.637281 0.174672 0.0977402 0 0 0 0 0 0
0.637259 0.173669 0.0977402 0 0 0 0 0 0
0.637259 0.173669 0.0977402 0 0 0 0 0 0
0.637169 0.168975 0.0977402 0 0 0 0 0 0
0.637116 0.166172 0.0977402 0 0 0 0 0 0
0.637004 0.160309 0.0977402 0 0 0 0 0 0
0.636953 0.157669 0.0977402 0 0 0 0 0 0
0.636838 0.151644 0.0977402 0 0 0 0 0 0
0.636791 0.149166 0.0977402 0 0 0 0 0 0
0.636673 0.142978 0.0977402 0 0 0 0 0 0
0.636628 0.140663 0.0977402 0 0 0 0 0 0
0.636507 0.134313 0.0977402 0 0 0 0 0 0
0.636466 0.132159 0.0977402 0 0 0 0 0 0
0.636342 0.125647 0.0977402 0 0 0 0 0 0
0.636304 0.123656 0.0977402 0 0 0 0 0 0
0.636176 0.116982 0.0977402 0 0 0 0 0 0
0.636141 0.115153 0.0977402 0 0 0 0 0 0
0.636011 0.108316 0.0977402 0 0 0 0 0 0
0.635979 0.10665 0.0977402 0 0 0 0 0 0
0.635935 0.104345 0.0977402 0 0 0 0 0 0
0.635935 0.104345 0.0977402 0 0 0 0 0 0
0.635845 0.0996506 0.0977402 0 0 0 0 0 0
0.635816 0.098147 0.0977402 0 0 0 0 0 0
0.63568 0.0909851 0.0977402 0 0 0 0 0 0
0.635654 0.0896439 0.0977402 0 0 0 0 0 0
0.635514 0.0823196 0.0977402 0 0 0 0 0 0
0.635492 0.0811408 0.0977402 0 0 0 0 0 0
0.635349 0.0736541 0.0977402 0 0 0 0 0 0
0.635329 0.0726377 0.0977402 0 0 0 0 0 0
0.635183 0.0649886 0.0977402 0 0 0 0 0 0
0.635167 0.0641346 0.0977402 0 0 0 0 0 0
0.635018 0.0563231 0.0977402 0 0 0 0 0 0
0.635004 0.0556315 0.0977402 0 0 0 0 0 0
0.634852 0.0476575 0.0977402 0 0 0 0 0 0
0.634842 0.0471284 0.0977402 0 0 0 0 0 0
0.634687 0.038992 0.0977402 0 0 0 0 0 0
0.63468 0.0386253 0.0977402 0 0 0 0 0 0
0.634611 0.0350207 0.0977402 0 0 0 0 0 0
0.634611 0.0350207 0.0977402 0 0 0 0 0 0
0.634331 0.0303265 0.0977402 0 0 0 0 0 0
0.63433 0.0303096 0.0977402 0 0 0 0 0 0
0.634313 0.0300256 0.0977402 0 0 0 0 0 0
0.633842 0.0221317 0.0977402 0 0 0 0 0 0
0.633814 0.021661 0.0977402 0 0 0 0 0 0
0.633354 0.0139538 0.0977402 0 0 0 0 0 0
0.633297 0.0129955 0.0977402 0 0 0 0 0 0
0.632867 0.00577598 0.0977402 0 0 0 0 0 0
0.632781 0.00432998 0.0977402 0 0 0 0 0 0
0.632379 -0.00240193 0.0977402 0 0 0 0 0 0
0.632264 -0.00433558 0.0977402 0 0 0 0 0 0
0.631892 -0.0105798 0.0977402 0 0 0 0 0 0
0.631747 -0.0130011 0.0977402 0 0 0 0 0 0
0.631404 -0.0187577 0.0977402 0 0 0 0 0 0
0.63123 -0.0216666 0.0977402 0 0 0 0 0 0
0.630916 -0.0269355 0.0977402 0 0 0 0 0 0
0.630714 -0.0303321 0.0977402 0 0 0 0 0 0
0.630635 -0.0316519 0.0977402 0 0 0 0 0 0
0.630635 -0.0316519 0.0977402 0 0 0 0 0 0
0.630566 -0.0352511 0.0977402 0 0 0 0 0 0
0.630495 -0.0389977 0.0977402 0 0 0 0 0 0
0.630404 -0.0437542 0.0977402 0 0 0 0 0 0
0.630329 -0.0476632 0.0977402 0 0 0 0 0 0
0.630241 -0.0522573 0.0977402 0 0 0 0 0 0
0.630164 -0.0563287 0.0977402 0 0 0 0 0 0
0.630079 -0.0607604 0.0977402 0 0 0 0 0 0
0.629998 -0.0649942 0.0977402 0 0 0 0 0 0
0.629917 -0.0692635 0.0977402 0 0 0 0 0 0
0.629833 -0.0736597 0.0977402 0 0 0 0 0 0
0.629754 -0.0777666 0.0977402 0 0 0 0 0 0
0.629667 -0.0823252 0.0977402 0 0 0 0 0 0
0.629592 -0.0862697 0.0977402 0 0 0 0 0 0
0.629502 -0.0909907 0.0977402 0 0 0 0 0 0
0.629429 -0.0947728 0.0977402 0 0 0 0 0 0
0.629336 -0.0996563 0.0977402 0 0 0 0 0 0
0.629311 -0.100976 0.0977402 0 0 0 0 0 0
0.629311 -0.100976 0.0977402 0 0 0 0 0 0
0.629267 -0.103276 0.0977402 0 0 0 0 0 0
0.629171 -0.108322 0.0977402 0 0 0 0 0 0
0.629105 -0.111779 0.0977402 0 0 0 0 0 0
0.629005 -0.116987 0.0977402 0 0 0 0 0 0
0.628942 -0.120282 0.0977402 0 0 0 0 0 0
0.62884 -0.125653 0.0977402 0 0 0 0 0 0
0.62878 -0.128785 0.0977402 0 0 0 0 0 0
0.628674 -0.134318 0.0977402 0 0 0 0 0 0
0.628617 -0.137288 0.0977402 0 0 0 0 0 0
0.628508 -0.142984 0.0977402 0 0 0 0 0 0
0.628455 -0.145791 0.0977402 0 0 0 0 0 0
0.628343 -0.151649 0.0977402 0 0 0 0 0 0
0.628292 -0.154294 0.0977402 0 0 0 0 0 0
0.628177 -0.160315 0.0977402 0 0 0 0 0 0
0.62813 -0.162798 0.0977402 0 0 0 0 0 0
0.628012 -0.16898 0.0977402 0 0 0 0 0 0
0.627987 -0.1703 0.0977402 0 0 0 0 0 0
0.627987 -0.1703 0.0977402 0 0 0 0 0 0
0.627965 -0.171298 0.0977402 0 0 0 0 0 0
0.627826 -0.177646 0.0977402 0 0 0 0 0 0
0.62778 -0.179778 0.0977402 0 0 0 0 0 0
0.627637 -0.186311 0.0977402 0 0 0 0 0 0
0.627595 -0.188259 0.0977402 0 0 0 0 0 0
0.627448 -0.194977 0.0977402 0 0 0 0 0 0
0.62741 -0.196739 0.0977402 0 0 0 0 0 0
0.627259 -0.203642 0.0977402 0 0 0 0 0 0
0.627224 -0.20522 0.0977402 0 0 0 0 0 0
0.62707 -0.212308 0.0977402 0 0 0 0 0 0
0.627039 -0.2137 0.0977402 0 0 0 0 0 0
0.626881 -0.220973 0.0977402 0 0 0 0 0 0
0.626854 -0.22218 0.0977402 0 0 0 0 0 0
0.626691 -0.229639 0.0977402 0 0 0 0 0 0
0.626669 -0.230661 0.0977402 0 0 0 0 0 0
0.626663 -0.230959 0.0977402 0 0 0 0 0 0
0.626663 -0.230959 0.0977402 0 0 0 0 0 0
0.62744 -0.238305 0.0977402 0 0 0 0 0 0
0.627653 -0.24031 0.0977402 0 0 0 0 0 0
0.628358 -0.24697 0.0977402 0 0 0 0 0 0
0.628679 -0.250002 0.0977402 0 0 0 0 0 0
0.629276 -0.255636 0.0977402 0 0 0 0 0 0
0.629706 -0.259694 0.0977402 0 0 0 0 0 0
0.630194 -0.264301 0.0977402 0 0 0 0 0 0
0.630732 -0.269386 0.0977402 0 0 0 0 0 0
0.631111 -0.272967 0.0977402 0 0 0 0 0 0
0.631758 -0.279078 0.0977402 0 0 0 0 0 0
0.632029 -0.281632 0.0977402 0 0 0 0 0 0
0.632785 -0.28877 0.0977402 0 0 0 0 0 0
0.632947 -0.290298 0.0977402 0 0 0 0 0 0
0.633811 -0.298461 0.0977402 0 0 0 0 0 0
0.633864 -0.298963 0.0977402 0 0 0 0 0 0
0.634004 -0.300283 0.0977402 0 0 0 0 0 0
0.634004 -0.300283 0.0977402 0 0 0 0 0 0
0.633872 -0.307188 0.0977402 0 0 0 0 0 0
0.633864 -0.307629 0.0977402 0 0 0 0 0 0
0.63371 -0.315691 0.0977402 0 0 0 0 0 0
0.633698 -0.316294 0.0977402 0 0 0 0 0 0
0.633547 -0.324194 0.0977402 0 0 0 0 0 0
0.633533 -0.32496 0.0977402 0 0 0 0 0 0
0.633385 -0.332697 0.0977402 0 0 0 0 0 0
0.633367 -0.333625 0.0977402 0 0 0 0 0 0
0.633222 -0.3412 0.0977402 0 0 0 0 0 0
0.633202 -0.342291 0.0977402 0 0 0 0 0 0
0.63306 -0.349703 0.0977402 0 0 0 0 0 0
0.633036 -0.350956 0.0977402 0 0 0 0 0 0
0.632898 -0.358207 0.0977402 0 0 0 0 0 0
0.632871 -0.359622 0.0977402 0 0 0 0 0 0
0.632735 -0.36671 0.0977402 0 0 0 0 0 0
0.632705 -0.368287 0.0977402 0 0 0 0 0 0
0.63268 -0.369607 0.0977402 0 0 0 0 0 0
0.63268 -0.369607 0.0977402 0 0 0 0 0 0
0.632573 -0.375213 0.0977402 0 0 0 0 0 0
0.63254 -0.376953 0.0977402 0 0 0 0 0 0
0.63241 -0.383716 0.0977402 0 0 0 0 0 0
0.632374 -0.385618 0.0977402 0 0 0 0 0 0
0.632248 -0.392219 0.0977402 0 0 0 0 0 0
0.632208 -0.394284 0.0977402 0 0 0 0 0 0
0.632086 -0.400722 0.0977402 0 0 0 0 0 0
0.632043 -0.402949 0.0977402 0 0 0 0 0 0
0.631923 -0.409225 0.0977402 0 0 0 0 0 0
0.631877 -0.411615 0.0977402 0 0 0 0 0 0
0.631761 -0.417728 0.0977402 0 0 0 0 0 0
0.631712 -0.42028 0.0977402 0 0 0 0 0 0
0.631598 -0.426231 0.0977402 0 0 0 0 0 0
0.631546 -0.428946 0.0977402 0 0 0 0 0 0
0.631436 -0.434734 0.0977402 0 0 0 0 0 0
0.631381 -0.437611 0.0977402 0 0 0 0 0 0
0.631356 -0.438931 0.0977402 0 0 0 0 0 0
0.631356 -0.438931 0.0977402 0 0 0 0 0 0
0.630324 -0.442288 0.0977402 0 0 0 0 0 0
0.629098 -0.446277 0.0977402 0 0 0 0 0 0
0.628287 -0.448916 0.0977402 0 0 0 0 0 0
0.626435 -0.454942 0.0977402 0 0 0 0 0 0
0.62625 -0.455545 0.0977402 0 0 0 0 0 0
0.625647 -0.457505 0.0977402 0 0 0 0 0 0
0.624213 -0.462173 0.0977402 0 0 0 0 0 0
0.623772 -0.463608 0.0977402 0 0 0 0 0 0
0.622175 -0.468802 0.0977402 0 0 0 0 0 0
0.621108 -0.472273 0.0977402 0 0 0 0 0 0
0.620138 -0.47543 0.0977402 0 0 0 0 0 0
0.618445 -0.480939 0.0977402 0 0 0 0 0 0
0.618101 -0.482058 0.0977402 0 0 0 0 0 0
0.616982 -0.485701 0.0977402 0 0 0 0 0 0
0.616064 -0.488687 0.0977402 0 0 0 0 0 0
0.615782 -0.489605 0.0977402 0 0 0 0 0 0
0.614251 -0.494352 0.0962283 0 0 0 0 0 0
0.613546 -0.496537 0.0955325 0 0 0 0 0 0
0.612403 -0.497911 0.0920765 0 0 0 0 0 0
0.611383 -0.499137 0.0889922 0 0 0 0 0 0
0.608898 -0.499137 0.0809087 0 0 0 0 0 0
0.608719 -0.499137 0.0803266 0 0 0 0 0 0
0.608316 -0.499137 0.0790147 0 0 0 0 0 0
0.606056 -0.499137 0.0716611 0 0 0 0 0 0
0.605053 -0.499137 0.0683983 0 0 0 0 0 0
0.603393 -0.499137 0.0629956 0 0 0 0 0 0
0.601209 -0.499137 0.055888 0 0 0 0 0 0
0.60073 -0.499137 0.0543301 0 0 0 0 0 0
0.599651 -0.499137 0.050819 0 0 0 0 0 0
0.598067 -0.499137 0.0456645 0 0 0 0 0 0
0.597364 -0.499137 0.0433775 0 0 0 0 0 0
0.595403 -0.499137 0.036999 0 0 0 0 0 0
0.593519 -0.499137 0.0308671 0 0 0 0 0 0
0.59274 -0.499137 0.0283335 0 0 0 0 0 0
0.590985 -0.499137 0.0226235 0 0 0 0 0 0
0.590077 -0.499137 0.019668 0 0 0 0 0 0
0.589674 -0.499137 0.0183567 0 0 0 0 0 0
0.587414 -0.499137 0.0110025 0 0 0 0 0 0
0.586225 -0.497709 0.00740969 0 0 0 0 0 0
0.58525 -0.496537 0.00446159 0 0 0 0 0 0
0.584649 -0.494674 0.00386797 0 0 0 0 0 0
0.583014 -0.489605 0.00225341 0 0 0 0 0 0
0.582851 -0.489073 0.00225341 0 0 0 0 0 0
0.58232 -0.487345 0.00225341 0 0 0 0 0 0
0.580814 -0.482445 0.00225341 0 0 0 0 0 0
0.580351 -0.480939 0.00225341 0 0 0 0 0 0
0.578777 -0.475817 0.00225341 0 0 0 0 0 0
0.577688 -0.472273 0.00225341 0 0 0 0 0 0
0.57674 -0.469188 0.00225341 0 0 0 0 0 0
0.575025 -0.463608 0.00225341 0 0 0 0 0 0
0.574702 -0.46256 0.00225341 0 0 0 0 0 0
0.573654 -0.459149 0.00225341 0 0 0 0 0 0
0.572665 -0.455931 0.00225341 0 0 0 0 0 0
0.572361 -0.454942 0.00225341 0 0 0 0 0 0
0.570628 -0.449303 0.00225341 0 0 0 0 0 0
0.569698 -0.446277 0.00225341 0 0 0 0 0 0
0.568591 -0.442675 0.00225341 0 0 0 0 0 0
0.567559 -0.439318 0.00225341 0 0 0 0 0 0
0.567559 -0.439318 0.00225341 0 0 0 0 0 0
0.567527 -0.437611 0.00225341 0 0 0 0 0 0
0.567479 -0.435121 0.00225341 0 0 0 0 0 0
0.567361 -0.428946 0.00225341 0 0 0 0 0 0
0.567317 -0.426618 0.00225341 0 0 0 0 0 0
0.567196 -0.42028 0.00225341 0 0 0 0 0 0
0.567154 -0.418115 0.00225341 0 0 0 0 0 0
0.56703 -0.411615 0.00225341 0 0 0 0 0 0
0.566992 -0.409612 0.00225341 0 0 0 0 0 0
0.566865 -0.402949 0.00225341 0 0 0 0 0 0
0.566829 -0.401109 0.00225341 0 0 0 0 0 0
0.566699 -0.394284 0.00225341 0 0 0 0 0 0
0.566667 -0.392605 0.00225341 0 0 0 0 0 0
0.566534 -0.385618 0.00225341 0 0 0 0 0 0
0.566505 -0.384102 0.00225341 0 0 0 0 0 0
0.566368 -0.376953 0.00225341 0 0 0 0 0 0
0.566342 -0.375599 0.00225341 0 0 0 0 0 0
0.566235 -0.369994 0.00225341 0 0 0 0 0 0
0.566235 -0.369994 0.00225341 0 0 0 0 0 0
0.566416 -0.368287 0.00225341 0 0 0 0 0 0
0.566585 -0.366691 0.00225341 0 0 0 0 0 0
0.567334 -0.359622 0.00225341 0 0 0 0 0 0
0.567611 -0.356999 0.00225341 0 0 0 0 0 0
0.568251 -0.350956 0.00225341 0 0 0 0 0 0
0.568638 -0.347307 0.00225341 0 0 0 0 0 0
0.569169 -0.342291 0.00225341 0 0 0 0 0 0
0.569664 -0.337615 0.00225341 0 0 0 0 0 0
0.570087 -0.333625 0.00225341 0 0 0 0 0 0
0.57069 -0.327924 0.00225341 0 0 0 0 0 0
0.571004 -0.32496 0.00225341 0 0 0 0 0 0
0.571717 -0.318232 0.00225341 0 0 0 0 0 0
0.571922 -0.316294 0.00225341 0 0 0 0 0 0
0.572743 -0.30854 0.00225341 0 0 0 0 0 0
0.57284 -0.307629 0.00225341 0 0 0 0 0 0
0.573577 -0.300669 0.00225341 0 0 0 0 0 0
0.573577 -0.300669 0.00225341 0 0 0 0 0 0
0.573546 -0.299071 0.00225341 0 0 0 0 0 0
0.573544 -0.298963 0.00225341 0 0 0 0 0 0
0.573384 -0.290568 0.00225341 0 0 0 0 0 0
0.573378 -0.290298 0.00225341 0 0 0 0 0 0
0.573221 -0.282065 0.00225341 0 0 0 0 0 0
0.573213 -0.281632 0.00225341 0 0 0 0 0 0
0.573059 -0.273562 0.00225341 0 0 0 0 0 0
0.573047 -0.272967 0.00225341 0 0 0 0 0 0
0.572896 -0.265059 0.00225341 0 0 0 0 0 0
0.572882 -0.264301 0.00225341 0 0 0 0 0 0
0.572734 -0.256556 0.00225341 0 0 0 0 0 0
0.572716 -0.255636 0.00225341 0 0 0 0 0 0
0.572572 -0.248053 0.00225341 0 0 0 0 0 0
0.572551 -0.24697 0.00225341 0 0 0 0 0 0
0.572409 -0.23955 0.00225341 0 0 0 0 0 0
0.572385 -0.238305 0.00225341 0 0 0 0 0 0
0.572252 -0.231345 0.00225341 0 0 0 0 0 0
0.572252 -0.231345 0.00225341 0 0 0 0 0 0
0.572246 -0.231047 0.00225341 0 0 0 0 0 0
0.572215 -0.229639 0.00225341 0 0 0 0 0 0
0.572061 -0.222567 0.00225341 0 0 0 0 0 0
0.572026 -0.220973 0.00225341 0 0 0 0 0 0
0.571876 -0.214087 0.00225341 0 0 0 0 0 0
0.571837 -0.212308 0.00225341 0 0 0 0 0 0
0.571691 -0.205606 0.00225341 0 0 0 0 0 0
0.571648 -0.203642 0.00225341 0 0 0 0 0 0
0.571505 -0.197126 0.00225341 0 0 0 0 0 0
0.571459 -0.194977 0.00225341 0 0 0 0 0 0
0.57132 -0.188645 0.00225341 0 0 0 0 0 0
0.571269 -0.186311 0.00225341 0 0 0 0 0 0
0.571135 -0.180165 0.00225341 0 0 0 0 0 0
0.57108 -0.177646 0.00225341 0 0 0 0 0 0
0.57095 -0.171685 0.00225341 0 0 0 0 0 0
0.570928 -0.170687 0.00225341 0 0 0 0 0 0
0.570928 -0.170687 0.00225341 0 0 0 0 0 0
0.570896 -0.16898 0.00225341 0 0 0 0 0 0
0.570785 -0.163184 0.00225341 0 0 0 0 0 0
0.57073 -0.160315 0.00225341 0 0 0 0 0 0
0.570623 -0.154681 0.00225341 0 0 0 0 0 0
0.570565 -0.151649 0.00225341 0 0 0 0 0 0
0.57046 -0.146178 0.00225341 0 0 0 0 0 0
0.570399 -0.142984 0.00225341 0 0 0 0 0 0
0.570298 -0.137675 0.00225341 0 0 0 0 0 0
0.570234 -0.134318 0.00225341 0 0 0 0 0 0
0.570135 -0.129172 0.00225341 0 0 0 0 0 0
0.570068 -0.125653 0.00225341 0 0 0 0 0 0
0.569973 -0.120669 0.00225341 0 0 0 0 0 0
0.569903 -0.116987 0.00225341 0 0 0 0 0 0
0.56981 -0.112165 0.00225341 0 0 0 0 0 0
0.569737 -0.108322 0.00225341 0 0 0 0 0 0
0.569648 -0.103662 0.00225341 0 0 0 0 0 0
0.569604 -0.101363 0.00225341 0 0 0 0 0 0
0.569604 -0.101363 0.00225341 0 0 0 0 0 0
0.569572 -0.0996563 0.00225341 0 0 0 0 0 0
0.569486 -0.0951593 0.00225341 0 0 0 0 0 0
0.569406 -0.0909907 0.00225341 0 0 0 0 0 0
0.569323 -0.0866562 0.00225341 0 0 0 0 0 0
0.569241 -0.0823252 0.00225341 0 0 0 0 0 0
0.569161 -0.0781531 0.00225341 0 0 0 0 0 0
0.569075 -0.0736597 0.00225341 0 0 0 0 0 0
0.568998 -0.06965 0.00225341 0 0 0 0 0 0
0.568909 -0.0649942 0.00225341 0 0 0 0 0 0
0.568836 -0.0611469 0.00225341 0 0 0 0 0 0
0.568744 -0.0563287 0.00225341 0 0 0 0 0 0
0.568674 -0.0526438 0.00225341 0 0 0 0 0 0
0.568578 -0.0476632 0.00225341 0 0 0 0 0 0
0.568511 -0.0441407 0.00225341 0 0 0 0 0 0
0.568413 -0.0389977 0.00225341 0 0 0 0 0 0
0.568349 -0.0356376 0.00225341 0 0 0 0 0 0
0.56828 -0.0320384 0.00225341 0 0 0 0 0 0
0.56828 -0.0320384 0.00225341 0 0 0 0 0 0
0.572588 -0.0313982 0.00225341 0 0 0 0 0 0
0.573654 -0.0312398 0.00225341 0 0 0 0 0 0
0.579762 -0.0303321 0.00225341 0 0 0 0 0 0
0.58232 -0.029952 0.00225341 0 0 0 0 0 0
0.582766 -0.0298856 0.00225341 0 0 0 0 0 0
0.590985 -0.0286642 0.00225341 0 0 0 0 0 0
0.592944 -0.0283731 0.00225341 0 0 0 0 0 0
0.599651 -0.0273764 0.00225341 0 0 0 0 0 0
0.603122 -0.0268605 0.00225341 0 0 0 0 0 0
0.608316 -0.0260886 0.00225341 0 0 0 0 0 0
0.6133 -0.0253479 0.00225341 0 0 0 0 0 0
0.616982 -0.0248008 0.00225341 0 0 0 0 0 0
0.623479 -0.0238354 0.00225341 0 0 0 0 0 0
0.625647 -0.0235131 0.00225341 0 0 0 0 0 0
0.633657 -0.0223228 0.00225341 0 0 0 0 0 0
0.634313 -0.0222253 0.00225341 0 0 0 0 0 0
0.638072 -0.0216666 0.00225341 0 0 0 0 0 0
0.642978 -0.0209375 0.00225341 0 0 0 0 0 0
0.643835 -0.0208102 0.00225341 0 0 0 0 0 0
0.651644 -0.0196497 0.00225341 0 0 0 0 0 0
0.654013 -0.0192977 0.00225341 0 0 0 0 0 0
0.660309 -0.0183619 0.00225341 0 0 0 0 0 0
0.664191 -0.0177851 0.00225341 0 0 0 0 0 0
0.668975 -0.0170742 0.00225341 0 0 0 0 0 0
0.674369 -0.0162725 0.00225341 0 0 0 0 0 0
0.67764 -0.0157864 0.00225341 0 0 0 0 0 0
0.684547 -0.01476 0.00225341 0 0 0 0 0 0
0.686306 -0.0144986 0.00225341 0 0 0 0 0 0
0.694725 -0.0132474 0.00225341 0 0 0 0 0 0
0.694971 -0.0132108 0.00225341 0 0 0 0 0 0
0.696383 -0.0130011 0.00225341 0 0 0 0 0 0
0.703637 -0.011923 0.00225341 0 0 0 0 0 0
0.704903 -0.0117349 0.00225341 0 0 0 0 0 0
0.712303 -0.0106352 0.00225341 0 0 0 0 0 0
0.715081 -0.0102223 0.00225341 0 0 0 0 0 0
0.720968 -0.00934746 0.00225341 0 0 0 0 0 0
0.725259 -0.00870972 0.00225341 0 0 0 0 0 0
0.729634 -0.00805968 0.00225341 0 0 0 0 0 0
0.735437 -0.00719716 0.00225341 0 0 0 0 0 0
0.738299 -0.0067719 0.00225341 0 0 0 0 0 0
0.743791 -0.00591274 0.00405969 0 0 0 0 0 0
0.745013 -0.00572157 0.00446159 0 0 0 0 0 0
0.745353 -0.00557377 0.00539619 0 0 0 0 0 0
0.747394 -0.00468713 0.0110025 0 0 0 0 0 0
0.747394 -0.00464164 0.0113085 0 0 0 0 0 0
0.747394 -0.00433558 0.013368 0 0 0 0 0 0
0.747394 -0.00352047 0.0188529 0 0 0 0 0 0
0.747394 -0.00339934 0.019668 0 0 0 0 0 0
0.747394 -0.00239931 0.0263973 0 0 0 0 0 0
0.747394 -0.00211156 0.0283335 0 0 0 0 0 0
0.747394 -0.00127814 0.0339416 0 0 0 0 0 0
0.747394 -0.000823778 0.036999 0 0 0 0 0 0
0.747394 -0.000156976 0.041486 0 0 0 0 0 0
0.747394 0.000464002 0.0456645 0 0 0 0 0 0
0.747394 0.000964191 0.0490303 0 0 0 0 0 0
0.747394 0.00175179 0.0543301 0 0 0 0 0 0
0.747394 0.00208536 0.0565747 0 0 0 0 0 0
0.747394 0.00303957 0.0629956 0 0 0 0 0 0
0.747394 0.00320653 0.0641191 0 0 0 0 0 0
0.747394 0.00432735 0.0716611 0 0 0 0 0 0
0.747394 0.00432769 0.0716634 0 0 0 0 0 0
0.747394 0.00432998 0.0716788 0 0 0 0 0 0
0.747394 0.00544885 0.0792077 0 0 0 0 0 0
0.747394 0.00561513 0.0803266 0 0 0 0 0 0
0.747394 0.00657002 0.0867521 0 0 0 0 0 0
0.747394 0.00690292 0.0889922 0 0 0 0 0 0
0.745898 0.00755262 0.0931002 0 0 0 0 0 0
0.745013 0.00793729 0.0955325 0 0 0 0 0 0
0.741833 0.00843482 0.0965783 0 0 0 0 0 0
0.738299 0.00898759 0.0977402 0 0 0 0 0 0
0.732828 0.00980058 0.0977402 0 0 0 0 0 0
0.729634 0.0102754 0.0977402 0 0 0 0 0 0
0.72265 0.0113131 0.0977402 0 0 0 0 0 0
0.720968 0.0115632 0.0977402 0 0 0 0 0 0
0.712472 0.0128257 0.0977402 0 0 0 0 0 0
0.712303 0.0128509 0.0977402 0 0 0 0 0 0
0.71133 0.0129955 0.0977402 0 0 0 0 0 0
0.703637 0.0141387 0.0977402 0 0 0 0 0 0
0.702294 0.0143383 0.0977402 0 0 0 0 0 0
0.694971 0.0154265 0.0977402 0 0 0 0 0 0
0.692116 0.0158508 0.0977402 0 0 0 0 0 0
0.686306 0.0167143 0.0977402 0 0 0 0 0 0
0.681938 0.0173634 0.0977402 0 0 0 0 0 0
0.67764 0.0180021 0.0977402 0 0 0 0 0 0
0.67176 0.018876 0.0977402 0 0 0 0 0 0
0.668975 0.0192898 0.0977402 0 0 0 0 0 0
0.661582 0.0203885 0.0977402 0 0 0 0 0 0
0.660309 0.0205776 0.0977402 0 0 0 0 0 0
0.653019 0.021661 0.0977402 0 0 0 0 0 0
0.651644 0.0218654 0.0977402 0 0 0 0 0 0
0.651404 0.0219011 0.0977402 0 0 0 0 0 0
0.642978 0.0231532 0.0977402 0 0 0 0 0 0
0.641226 0.0234137 0.0977402 0 0 0 0 0 0
0.634313 0.024441 0.0977402 0 0 0 0 0 0
0.631048 0.0249262 0.0977402 0 0 0 0 0 0
0.625647 0.0257288 0.0977402 0 0 0 0 0 0
0.62087 0.0264388 0.0977402 0 0 0 0 0 0
0.616982 0.0270165 0.0977402 0 0 0 0 0 0
0.610691 0.0279513 0.0977402 0 0 0 0 0 0
0.608316 0.0283043 0.0977402 0 0 0 0 0 0
0.600513 0.0294639 0.0977402 0 0 0 0 0 0
0.599651 0.0295921 0.0977402 0 0 0 0 0 0
0.594709 0.0303265 0.0977402 0 0 0 0 0 0
0.590985 0.0308799 0.0977402 0 0 0 0 0 0
0.590335 0.0309765 0.0977402 0 0 0 0 0 0
0.58232 0.0321677 0.0977402 0 0 0 0 0 0
0.580157 0.032489 0.0977402 0 0 0 0 0 0
0.573654 0.0334554 0.0977402 0 0 0 0 0 0
0.569979 0.0340016 0.0977402 0 0 0 0 0 0
0.565664 0.0346428 0.0977402 0 0 0 0 0 0
0.565664 0.0346428 0.0977402 0 0 0 0 0 0
0.565733 0.0382475 0.0977402 0 0 0 0 0 0
0.565747 0.038992 0.0977402 0 0 0 0 0 0
0.565896 0.0467506 0.0977402 0 0 0 0 0 0
0.565913 0.0476575 0.0977402 0 0 0 0 0 0
0.566058 0.0552537 0.0977402 0 0 0 0 0 0
0.566078 0.0563231 0.0977402 0 0 0 0 0 0
0.56622 0.0637567 0.0977402 0 0 0 0 0 0
0.566244 0.0649886 0.0977402 0 0 0 0 0 0
0.566383 0.0722599 0.0977402 0 0 0 0 0 0
0.56641 0.0736541 0.0977402 0 0 0 0 0 0
0.566545 0.080763 0.0977402 0 0 0 0 0 0
0.566575 0.0823196 0.0977402 0 0 0 0 0 0
0.566708 0.0892661 0.0977402 0 0 0 0 0 0
0.566741 0.0909851 0.0977402 0 0 0 0 0 0
0.56687 0.0977692 0.0977402 0 0 0 0 0 0
0.566906 0.0996506 0.0977402 0 0 0 0 0 0
0.566989 0.103967 0.0977402 0 0 0 0 0 0
0.566989 0.103967 0.0977402 0 0 0 0 0 0
0.567033 0.106272 0.0977402 0 0 0 0 0 0
0.567072 0.108316 0.0977402 0 0 0 0 0 0
0.567195 0.114775 0.0977402 0 0 0 0 0 0
0.567237 0.116982 0.0977402 0 0 0 0 0 0
0.567357 0.123278 0.0977402 0 0 0 0 0 0
0.567403 0.125647 0.0977402 0 0 0 0 0 0
0.56752 0.131782 0.0977402 0 0 0 0 0 0
0.567568 0.134313 0.0977402 0 0 0 0 0 0
0.567682 0.140285 0.0977402 0 0 0 0 0 0
0.567734 0.142978 0.0977402 0 0 0 0 0 0
0.567845 0.148788 0.0977402 0 0 0 0 0 0
0.567899 0.151644 0.0977402 0 0 0 0 0 0
0.568007 0.157291 0.0977402 0 0 0 0 0 0
0.568065 0.160309 0.0977402 0 0 0 0 0 0
0.568169 0.165794 0.0977402 0 0 0 0 0 0
0.56823 0.168975 0.0977402 0 0 0 0 0 0
0.568313 0.173291 0.0977402 0 0 0 0 0 0
0.568313 0.173291 0.0977402 0 0 0 0 0 0
0.568335 0.174294 0.0977402 0 0 0 0 0 0
0.568408 0.17764 0.0977402 0 0 0 0 0 0
0.56852 0.182775 0.0977402 0 0 0 0 0 0
0.568597 0.186306 0.0977402 0 0 0 0 0 0
0.568705 0.191255 0.0977402 0 0 0 0 0 0
0.568786 0.194971 0.0977402 0 0 0 0 0 0
0.56889 0.199736 0.0977402 0 0 0 0 0 0
0.568975 0.203637 0.0977402 0 0 0 0 0 0
0.569075 0.208216 0.0977402 0 0 0 0 0 0
0.569164 0.212302 0.0977402 0 0 0 0 0 0
0.56926 0.216696 0.0977402 0 0 0 0 0 0
0.569353 0.220968 0.0977402 0 0 0 0 0 0
0.569445 0.225177 0.0977402 0 0 0 0 0 0
0.569543 0.229633 0.0977402 0 0 0 0 0 0
0.56963 0.233657 0.0977402 0 0 0 0 0 0
0.569637 0.23395 0.0977402 0 0 0 0 0 0
0.569637 0.23395 0.0977402 0 0 0 0 0 0
0.56972 0.238299 0.0977402 0 0 0 0 0 0
0.569794 0.24216 0.0977402 0 0 0 0 0 0
0.569885 0.246964 0.0977402 0 0 0 0 0 0
0.569956 0.250663 0.0977402 0 0 0 0 0 0
0.570051 0.25563 0.0977402 0 0 0 0 0 0
0.570118 0.259166 0.0977402 0 0 0 0 0 0
0.570216 0.264295 0.0977402 0 0 0 0 0 0
0.570281 0.267669 0.0977402 0 0 0 0 0 0
0.570382 0.272961 0.0977402 0 0 0 0 0 0
0.570443 0.276172 0.0977402 0 0 0 0 0 0
0.570547 0.281627 0.0977402 0 0 0 0 0 0
0.570606 0.284675 0.0977402 0 0 0 0 0 0
0.570713 0.290292 0.0977402 0 0 0 0 0 0
0.570768 0.293178 0.0977402 0 0 0 0 0 0
0.570879 0.298958 0.0977402 0 0 0 0 0 0
0.570931 0.301681 0.0977402 0 0 0 0 0 0
0.570961 0.303274 0.0977402 0 0 0 0 0 0
0.570961 0.303274 0.0977402 0 0 0 0 0 0
0.571044 0.307623 0.0977402 0 0 0 0 0 0
0.571093 0.310184 0.0977402 0 0 0 0 0 0
0.57121 0.316289 0.0977402 0 0 0 0 0 0
0.571255 0.318687 0.0977402 0 0 0 0 0 0
0.571375 0.324954 0.0977402 0 0 0 0 0 0
0.571418 0.327191 0.0977402 0 0 0 0 0 0
0.571541 0.33362 0.0977402 0 0 0 0 0 0
0.57158 0.335694 0.0977402 0 0 0 0 0 0
0.571706 0.342285 0.0977402 0 0 0 0 0 0
0.571743 0.344197 0.0977402 0 0 0 0 0 0
0.571872 0.350951 0.0977402 0 0 0 0 0 0
0.571905 0.3527 0.0977402 0 0 0 0 0 0
0.572037 0.359616 0.0977402 0 0 0 0 0 0
0.572067 0.361203 0.0977402 0 0 0 0 0 0
0.572203 0.368282 0.0977402 0 0 0 0 0 0
0.57223 0.369706 0.0977402 0 0 0 0 0 0
0.572285 0.372598 0.0977402 0 0 0 0 0 0
0.572285 0.372598 0.0977402 0 0 0 0 0 0
0.572368 0.376947 0.0977402 0 0 0 0 0 0
0.572392 0.378209 0.0977402 0 0 0 0 0 0
0.572534 0.385613 0.0977402 0 0 0 0 0 0
0.572555 0.386712 0.0977402 0 0 0 0 0 0
0.572699 0.394278 0.0977402 0 0 0 0 0 0
0.572717 0.395215 0.0977402 0 0 0 0 0 0
0.572865 0.402944 0.0977402 0 0 0 0 0 0
0.57288 0.403718 0.0977402 0 0 0 0 0 0
0.57303 0.411609 0.0977402 0 0 0 0 0 0
0.573042 0.412222 0.0977402 0 0 0 0 0 0
0.573196 0.420275 0.0977402 0 0 0 0 0 0
0.573204 0.420725 0.0977402 0 0 0 0 0 0
0.573361 0.42894 0.0977402 0 0 0 0 0 0
0.573367 0.429228 0.0977402 0 0 0 0 0 0
0.573527 0.437606 0.0977402 0 0 0 0 0 0
0.573529 0.437731 0.0977402 0 0 0 0 0 0
0.573609 0.441922 0.0977402 0 0 0 0 0 0
0.573609 0.441922 0.0977402 0 0 0 0 0 0
0.569361 0.441899 0.0977402 0 0 0 0 0 0
0.564989 0.441876 0.0977402 0 0 0 0 0 0
0.560742 0.441853 0.0977402 0 0 0 0 0 0
0.556323 0.441829 0.0977402 0 0 0 0 0 0
0.552122 0.441807 0.0977402 0 0 0 0 0 0
0.547658 0.441783 0.0977402 0 0 0 0 0 0
0.543503 0.44176 0.0977402 0 0 0 0 0 0
0.538992 0.441736 0.0977402 0 0 0 0 0 0
0.534884 0.441714 0.0977402 0 0 0 0 0 0
0.530327 0.44169 0.0977402 0 0 0 0 0 0
0.526265 0.441668 0.0977402 0 0 0 0 0 0
0.521661 0.441643 0.0977402 0 0 0 0 0 0
0.517646 0.441621 0.0977402 0 0 0 0 0 0
0.512996 0.441596 0.0977402 0 0 0 0 0 0
0.509026 0.441575 0.0977402 0 0 0 0 0 0
0.50433 0.44155 0.0977402 0 0 0 0 0 0
0.500407 0.441529 0.0977402 0 0 0 0 0 0
0.496036 0.441505 0.0977402 0 0 0 0 0 0
0.496036 0.441505 0.0977402 0 0 0 0 0 0
0.496449 0.437606 0.0977402 0 0 0 0 0 0
0.496542 0.436728 0.0977402 0 0 0 0 0 0
0.497367 0.42894 0.0977402 0 0 0 0 0 0
0.497569 0.427036 0.0977402 0 0 0 0 0 0
0.498285 0.420275 0.0977402 0 0 0 0 0 0
0.498595 0.417344 0.0977402 0 0 0 0 0 0
0.499202 0.411609 0.0977402 0 0 0 0 0 0
0.499621 0.407652 0.0977402 0 0 0 0 0 0
0.50012 0.402944 0.0977402 0 0 0 0 0 0
0.500648 0.397961 0.0977402 0 0 0 0 0 0
0.501038 0.394278 0.0977402 0 0 0 0 0 0
0.501674 0.388269 0.0977402 0 0 0 0 0 0
0.501955 0.385613 0.0977402 0 0 0 0 0 0
0.502701 0.378577 0.0977402 0 0 0 0 0 0
0.502873 0.376947 0.0977402 0 0 0 0 0 0
0.503378 0.372181 0.0977402 0 0 0 0 0 0
0.503378 0.372181 0.0977402 0 0 0 0 0 0
0.503323 0.369289 0.0977402 0 0 0 0 0 0
0.503303 0.368282 0.0977402 0 0 0 0 0 0
0.50316 0.360786 0.0977402 0 0 0 0 0 0
0.503138 0.359616 0.0977402 0 0 0 0 0 0
0.502998 0.352283 0.0977402 0 0 0 0 0 0
0.502972 0.350951 0.0977402 0 0 0 0 0 0
0.502835 0.34378 0.0977402 0 0 0 0 0 0
0.502807 0.342285 0.0977402 0 0 0 0 0 0
0.502673 0.335277 0.0977402 0 0 0 0 0 0
0.502641 0.33362 0.0977402 0 0 0 0 0 0
0.502511 0.326774 0.0977402 0 0 0 0 0 0
0.502476 0.324954 0.0977402 0 0 0 0 0 0
0.502348 0.318271 0.0977402 0 0 0 0 0 0
0.50231 0.316289 0.0977402 0 0 0 0 0 0
0.502186 0.309767 0.0977402 0 0 0 0 0 0
0.502145 0.307623 0.0977402 0 0 0 0 0 0
0.502054 0.302857 0.0977402 0 0 0 0 0 0
0.502054 0.302857 0.0977402 0 0 0 0 0 0
0.502023 0.301264 0.0977402 0 0 0 0 0 0
0.501979 0.298958 0.0977402 0 0 0 0 0 0
0.501861 0.292761 0.0977402 0 0 0 0 0 0
0.501814 0.290292 0.0977402 0 0 0 0 0 0
0.501698 0.284258 0.0977402 0 0 0 0 0 0
0.501648 0.281627 0.0977402 0 0 0 0 0 0
0.501536 0.275755 0.0977402 0 0 0 0 0 0
0.501483 0.272961 0.0977402 0 0 0 0 0 0
0.501374 0.267252 0.0977402 0 0 0 0 0 0
0.501317 0.264295 0.0977402 0 0 0 0 0 0
0.501211 0.258749 0.0977402 0 0 0 0 0 0
0.501152 0.25563 0.0977402 0 0 0 0 0 0
0.501049 0.250246 0.0977402 0 0 0 0 0 0
0.500986 0.246964 0.0977402 0 0 0 0 0 0
0.500886 0.241743 0.0977402 0 0 0 0 0 0
0.500821 0.238299 0.0977402 0 0 0 0 0 0
0.50073 0.233533 0.0977402 0 0 0 0 0 0
0.50073 0.233533 0.0977402 0 0 0 0 0 0
0.500723 0.23324 0.0977402 0 0 0 0 0 0
0.500644 0.229633 0.0977402 0 0 0 0 0 0
0.500538 0.22476 0.0977402 0 0 0 0 0 0
0.500455 0.220968 0.0977402 0 0 0 0 0 0
0.500353 0.21628 0.0977402 0 0 0 0 0 0
0.500266 0.212302 0.0977402 0 0 0 0 0 0
0.500168 0.207799 0.0977402 0 0 0 0 0 0
0.500077 0.203637 0.0977402 0 0 0 0 0 0
0.499983 0.199319 0.0977402 0 0 0 0 0 0
0.499888 0.194971 0.0977402 0 0 0 0 0 0
0.499798 0.190838 0.0977402 0 0 0 0 0 0
0.499699 0.186306 0.0977402 0 0 0 0 0 0
0.499612 0.182358 0.0977402 0 0 0 0 0 0
0.499509 0.17764 0.0977402 0 0 0 0 0 0
0.499427 0.173878 0.0977402 0 0 0 0 0 0
0.499405 0.172874 0.0977402 0 0 0 0 0 0
0.499405 0.172874 0.0977402 0 0 0 0 0 0
0.499331 0.168975 0.0977402 0 0 0 0 0 0
0.499262 0.165377 0.0977402 0 0 0 0 0 0
0.499165 0.160309 0.0977402 0 0 0 0 0 0
0.4991 0.156874 0.0977402 0 0 0 0 0 0
0.499 0.151644 0.0977402 0 0 0 0 0 0
0.498937 0.148371 0.0977402 0 0 0 0 0 0
0.498834 0.142978 0.0977402 0 0 0 0 0 0
0.498775 0.139868 0.0977402 0 0 0 0 0 0
0.498669 0.134313 0.0977402 0 0 0 0 0 0
0.498613 0.131365 0.0977402 0 0 0 0 0 0
0.498503 0.125647 0.0977402 0 0 0 0 0 0
0.49845 0.122862 0.0977402 0 0 0 0 0 0
0.498338 0.116982 0.0977402 0 0 0 0 0 0
0.498288 0.114359 0.0977402 0 0 0 0 0 0
0.498172 0.108316 0.0977402 0 0 0 0 0 0
0.498125 0.105855 0.0977402 0 0 0 0 0 0
0.498081 0.10355 0.0977402 0 0 0 0 0 0
0.498081 0.10355 0.0977402 0 0 0 0 0 0
0.498007 0.0996506 0.0977402 0 0 0 0 0 0
0.497963 0.0973523 0.0977402 0 0 0 0 0 0
0.497841 0.0909851 0.0977402 0 0 0 0 0 0
0.4978 0.0888492 0.0977402 0 0 0 0 0 0
0.497676 0.0823196 0.0977402 0 0 0 0 0 0
0.497638 0.0803461 0.0977402 0 0 0 0 0 0
0.49751 0.0736541 0.0977402 0 0 0 0 0 0
0.497476 0.071843 0.0977402 0 0 0 0 0 0
0.497345 0.0649886 0.0977402 0 0 0 0 0 0
0.497313 0.0633399 0.0977402 0 0 0 0 0 0
0.497179 0.0563231 0.0977402 0 0 0 0 0 0
0.497151 0.0548368 0.0977402 0 0 0 0 0 0
0.497014 0.0476575 0.0977402 0 0 0 0 0 0
0.496988 0.0463337 0.0977402 0 0 0 0 0 0
0.496848 0.038992 0.0977402 0 0 0 0 0 0
0.496826 0.0378306 0.0977402 0 0 0 0 0 0
0.496757 0.0342259 0.0977402 0 0 0 0 0 0
0.496757 0.0342259 0.0977402 0 0 0 0 0 0
0.495665 0.0340943 0.0977402 0 0 0 0 0 0
0.492302 0.0336891 0.0977402 0 0 0 0 0 0
0.486999 0.03305 0.0977402 0 0 0 0 0 0
0.484568 0.0327571 0.0977402 0 0 0 0 0 0
0.478334 0.0320057 0.0977402 0 0 0 0 0 0
0.476835 0.0318251 0.0977402 0 0 0 0 0 0
0.469668 0.0309615 0.0977402 0 0 0 0 0 0
0.469101 0.0308932 0.0977402 0 0 0 0 0 0
0.464399 0.0303265 0.0977402 0 0 0 0 0 0
0.461368 0.0299612 0.0977402 0 0 0 0 0 0
0.461002 0.0299172 0.0977402 0 0 0 0 0 0
0.453634 0.0290292 0.0977402 0 0 0 0 0 0
0.452337 0.0288729 0.0977402 0 0 0 0 0 0
0.445901 0.0280973 0.0977402 0 0 0 0 0 0
0.443671 0.0278286 0.0977402 0 0 0 0 0 0
0.438167 0.0271653 0.0977402 0 0 0 0 0 0
0.435006 0.0267843 0.0977402 0 0 0 0 0 0
0.430434 0.0262333 0.0977402 0 0 0 0 0 0
0.42634 0.0257401 0.0977402 0 0 0 0 0 0
0.4227 0.0253014 0.0977402 0 0 0 0 0 0
0.417675 0.0246958 0.0977402 0 0 0 0 0 0
0.414966 0.0243694 0.0977402 0 0 0 0 0 0
0.409009 0.0236515 0.0977402 0 0 0 0 0 0
0.407233 0.0234374 0.0977402 0 0 0 0 0 0
0.400344 0.0226072 0.0977402 0 0 0 0 0 0
0.399499 0.0225055 0.0977402 0 0 0 0 0 0
0.392492 0.021661 0.0977402 0 0 0 0 0 0
0.391766 0.0215735 0.0977402 0 0 0 0 0 0
0.391678 0.0215629 0.0977402 0 0 0 0 0 0
0.384032 0.0206415 0.0977402 0 0 0 0 0 0
0.383013 0.0205187 0.0977402 0 0 0 0 0 0
0.376299 0.0197096 0.0977402 0 0 0 0 0 0
0.374347 0.0194744 0.0977402 0 0 0 0 0 0
0.368565 0.0187776 0.0977402 0 0 0 0 0 0
0.365682 0.0184301 0.0977402 0 0 0 0 0 0
0.360832 0.0178456 0.0977402 0 0 0 0 0 0
0.357016 0.0173858 0.0977402 0 0 0 0 0 0
0.353098 0.0169137 0.0977402 0 0 0 0 0 0
0.348351 0.0163416 0.0977402 0 0 0 0 0 0
0.345365 0.0159817 0.0977402 0 0 0 0 0 0
0.339685 0.0152973 0.0977402 0 0 0 0 0 0
0.337631 0.0150497 0.0977402 0 0 0 0 0 0
0.33102 0.014253 0.0977402 0 0 0 0 0 0
0.329897 0.0141178 0.0977402 0 0 0 0 0 0
0.322354 0.0132087 0.0977402 0 0 0 0 0 0
0.322164 0.0131858 0.0977402 0 0 0 0 0 0
0.320585 0.0129955 0.0977402 0 0 0 0 0 0
0.31443 0.0122538 0.0977402 0 0 0 0 0 0
0.313689 0.0121644 0.0977402 0 0 0 0 0 0
0.306697 0.0113219 0.0977402 0 0 0 0 0 0
0.305023 0.0111202 0.0977402 0 0 0 0 0 0
0.298963 0.0103899 0.0977402 0 0 0 0 0 0
0.296358 0.0100759 0.0977402 0 0 0 0 0 0
0.29123 0.00945792 0.0977402 0 0 0 0 0 0
0.287692 0.00903161 0.0977402 0 0 0 0 0 0
0.283496 0.00852595 0.0977402 0 0 0 0 0 0
0.279027 0.00798733 0.0977402 0 0 0 0 0 0
0.275763 0.00759399 0.0977402 0 0 0 0 0 0
0.270361 0.00694306 0.0977402 0 0 0 0 0 0
0.268029 0.00666202 0.0977402 0 0 0 0 0 0
0.261696 0.00589877 0.0977402 0 0 0 0 0 0
0.260589 0.00575838 0.0973763 0 0 0 0 0 0
0.254982 0.00504707 0.0955325 0 0 0 0 0 0
0.252946 0.00432998 0.0899411 0 0 0 0 0 0
0.252601 0.00420829 0.0889922 0 0 0 0 0 0
0.252601 0.00419161 0.0888538 0 0 0 0 0 0
0.252601 0.003164 0.0803266 0 0 0 0 0 0
0.252601 0.00300424 0.0790009 0 0 0 0 0 0
0.252601 0.00211973 0.0716611 0 0 0 0 0 0
0.252601 0.00181688 0.069148 0 0 0 0 0 0
0.252601 0.00107545 0.0629956 0 0 0 0 0 0
0.252601 0.000629514 0.0592952 0 0 0 0 0 0
0.252601 3.11762e-05 0.0543301 0 0 0 0 0 0
0.252601 -0.000557855 0.0494423 0 0 0 0 0 0
0.252601 -0.00101311 0.0456645 0 0 0 0 0 0
0.252601 -0.00174522 0.0395894 0 0 0 0 0 0
0.252601 -0.00205738 0.036999 0 0 0 0 0 0
0.252601 -0.00293259 0.0297365 0 0 0 0 0 0
0.252601 -0.00310166 0.0283335 0 0 0 0 0 0
0.252601 -0.00411995 0.0198837 0 0 0 0 0 0
0.252601 -0.00414594 0.019668 0 0 0 0 0 0
0.252601 -0.00433558 0.0180943 0 0 0 0 0 0
0.252601 -0.00519022 0.0110025 0 0 0 0 0 0
0.252861 -0.00528182 0.0102882 0 0 0 0 0 0
0.254982 -0.00602906 0.00446159 0 0 0 0 0 0
0.2599 -0.00665301 0.00284395 0 0 0 0 0 0
0.261696 -0.00688079 0.00225341 0 0 0 0 0 0
0.267158 -0.00753902 0.00225341 0 0 0 0 0 0
0.270361 -0.00792507 0.00225341 0 0 0 0 0 0
0.274891 -0.00847099 0.00225341 0 0 0 0 0 0
0.279027 -0.00896935 0.00225341 0 0 0 0 0 0
0.282625 -0.00940296 0.00225341 0 0 0 0 0 0
0.287692 -0.0100136 0.00225341 0 0 0 0 0 0
0.290358 -0.0103349 0.00225341 0 0 0 0 0 0
0.296358 -0.0110579 0.00225341 0 0 0 0 0 0
0.298092 -0.0112669 0.00225341 0 0 0 0 0 0
0.305023 -0.0121022 0.00225341 0 0 0 0 0 0
0.305825 -0.0121989 0.00225341 0 0 0 0 0 0
0.312482 -0.0130011 0.00225341 0 0 0 0 0 0
0.313559 -0.0131308 0.00225341 0 0 0 0 0 0
0.313689 -0.0131465 0.00225341 0 0 0 0 0 0
0.321292 -0.0140628 0.00225341 0 0 0 0 0 0
0.322354 -0.0141907 0.00225341 0 0 0 0 0 0
0.329026 -0.0149948 0.00225341 0 0 0 0 0 0
0.33102 -0.015235 0.00225341 0 0 0 0 0 0
0.33676 -0.0159267 0.00225341 0 0 0 0 0 0
0.339685 -0.0162793 0.00225341 0 0 0 0 0 0
0.344493 -0.0168587 0.00225341 0 0 0 0 0 0
0.348351 -0.0173236 0.00225341 0 0 0 0 0 0
0.352227 -0.0177907 0.00225341 0 0 0 0 0 0
0.357016 -0.0183678 0.00225341 0 0 0 0 0 0
0.35996 -0.0187226 0.00225341 0 0 0 0 0 0
0.365682 -0.0194121 0.00225341 0 0 0 0 0 0
0.367694 -0.0196546 0.00225341 0 0 0 0 0 0
0.374347 -0.0204564 0.00225341 0 0 0 0 0 0
0.375427 -0.0205866 0.00225341 0 0 0 0 0 0
0.383013 -0.0215007 0.00225341 0 0 0 0 0 0
0.383161 -0.0215185 0.00225341 0 0 0 0 0 0
0.38439 -0.0216666 0.00225341 0 0 0 0 0 0
0.390894 -0.0224505 0.00225341 0 0 0 0 0 0
0.391678 -0.022545 0.00225341 0 0 0 0 0 0
0.398628 -0.0233825 0.00225341 0 0 0 0 0 0
0.400344 -0.0235892 0.00225341 0 0 0 0 0 0
0.406362 -0.0243144 0.00225341 0 0 0 0 0 0
0.409009 -0.0246335 0.00225341 0 0 0 0 0 0
0.414095 -0.0252464 0.00225341 0 0 0 0 0 0
0.417675 -0.0256778 0.00225341 0 0 0 0 0 0
0.421829 -0.0261784 0.00225341 0 0 0 0 0 0
0.42634 -0.0267221 0.00225341 0 0 0 0 0 0
0.429562 -0.0271103 0.00225341 0 0 0 0 0 0
0.435006 -0.0277663 0.00225341 0 0 0 0 0 0
0.437296 -0.0280423 0.00225341 0 0 0 0 0 0
0.443671 -0.0288106 0.00225341 0 0 0 0 0 0
0.445029 -0.0289743 0.00225341 0 0 0 0 0 0
0.452337 -0.0298549 0.00225341 0 0 0 0 0 0
0.452763 -0.0299062 0.00225341 0 0 0 0 0 0
0.456297 -0.0303321 0.00225341 0 0 0 0 0 0
0.460496 -0.0308382 0.00225341 0 0 0 0 0 0
0.461002 -0.0308992 0.00225341 0 0 0 0 0 0
0.46823 -0.0317702 0.00225341 0 0 0 0 0 0
0.469668 -0.0319435 0.00225341 0 0 0 0 0 0
0.475964 -0.0327021 0.00225341 0 0 0 0 0 0
0.478334 -0.0329877 0.00225341 0 0 0 0 0 0
0.483697 -0.0336341 0.00225341 0 0 0 0 0 0
0.486999 -0.034032 0.00225341 0 0 0 0 0 0
0.491431 -0.0345661 0.00225341 0 0 0 0 0 0
0.495665 -0.0350763 0.00225341 0 0 0 0 0 0
0.495891 -0.0351036 0.00225341 0 0 0 0 0 0
0.495891 -0.0351036 0.00225341 0 0 0 0 0 0
0.495959 -0.0387027 0.00225341 0 0 0 0 0 0
0.495965 -0.0389977 0.00225341 0 0 0 0 0 0
0.496122 -0.0472058 0.00225341 0 0 0 0 0 0
0.496131 -0.0476632 0.00225341 0 0 0 0 0 0
0.496284 -0.0557089 0.00225341 0 0 0 0 0 0
0.496296 -0.0563287 0.00225341 0 0 0 0 0 0
0.496447 -0.064212 0.00225341 0 0 0 0 0 0
0.496462 -0.0649942 0.00225341 0 0 0 0 0 0
0.496609 -0.0727151 0.00225341 0 0 0 0 0 0
0.496627 -0.0736597 0.00225341 0 0 0 0 0 0
0.496772 -0.0812182 0.00225341 0 0 0 0 0 0
0.496793 -0.0823252 0.00225341 0 0 0 0 0 0
0.496934 -0.0897213 0.00225341 0 0 0 0 0 0
0.496958 -0.0909907 0.00225341 0 0 0 0 0 0
0.497096 -0.0982244 0.00225341 0 0 0 0 0 0
0.497124 -0.0996563 0.00225341 0 0 0 0 0 0
0.497215 -0.104428 0.00225341 0 0 0 0 0 0
0.497215 -0.104428 0.00225341 0 0 0 0 0 0
0.497259 -0.106728 0.00225341 0 0 0 0 0 0
0.497289 -0.108322 0.00225341 0 0 0 0 0 0
0.497421 -0.115231 0.00225341 0 0 0 0 0 0
0.497455 -0.116987 0.00225341 0 0 0 0 0 0
0.497584 -0.123734 0.00225341 0 0 0 0 0 0
0.49762 -0.125653 0.00225341 0 0 0 0 0 0
0.497746 -0.132237 0.00225341 0 0 0 0 0 0
0.497786 -0.134318 0.00225341 0 0 0 0 0 0
0.497908 -0.14074 0.00225341 0 0 0 0 0 0
0.497951 -0.142984 0.00225341 0 0 0 0 0 0
0.498071 -0.149243 0.00225341 0 0 0 0 0 0
0.498117 -0.151649 0.00225341 0 0 0 0 0 0
0.498233 -0.157746 0.00225341 0 0 0 0 0 0
0.498282 -0.160315 0.00225341 0 0 0 0 0 0
0.498396 -0.166249 0.00225341 0 0 0 0 0 0
0.498448 -0.16898 0.00225341 0 0 0 0 0 0
0.498539 -0.173752 0.00225341 0 0 0 0 0 0
0.498539 -0.173752 0.00225341 0 0 0 0 0 0
0.498561 -0.17475 0.00225341 0 0 0 0 0 0
0.498624 -0.177646 0.00225341 0 0 0 0 0 0
0.498746 -0.18323 0.00225341 0 0 0 0 0 0
0.498813 -0.186311 0.00225341 0 0 0 0 0 0
0.498931 -0.19171 0.00225341 0 0 0 0 0 0
0.499002 -0.194977 0.00225341 0 0 0 0 0 0
0.499116 -0.200191 0.00225341 0 0 0 0 0 0
0.499192 -0.203642 0.00225341 0 0 0 0 0 0
0.499301 -0.208671 0.00225341 0 0 0 0 0 0
0.499381 -0.212308 0.00225341 0 0 0 0 0 0
0.499486 -0.217152 0.00225341 0 0 0 0 0 0
0.49957 -0.220973 0.00225341 0 0 0 0 0 0
0.499672 -0.225632 0.00225341 0 0 0 0 0 0
0.499759 -0.229639 0.00225341 0 0 0 0 0 0
0.499857 -0.234112 0.00225341 0 0 0 0 0 0
0.499863 -0.23441 0.00225341 0 0 0 0 0 0
0.499863 -0.23441 0.00225341 0 0 0 0 0 0
0.499938 -0.238305 0.00225341 0 0 0 0 0 0
0.50002 -0.242615 0.00225341 0 0 0 0 0 0
0.500103 -0.24697 0.00225341 0 0 0 0 0 0
0.500182 -0.251118 0.00225341 0 0 0 0 0 0
0.500269 -0.255636 0.00225341 0 0 0 0 0 0
0.500345 -0.259621 0.00225341 0 0 0 0 0 0
0.500434 -0.264301 0.00225341 0 0 0 0 0 0
0.500507 -0.268124 0.00225341 0 0 0 0 0 0
0.5006 -0.272967 0.00225341 0 0 0 0 0 0
0.50067 -0.276627 0.00225341 0 0 0 0 0 0
0.500765 -0.281632 0.00225341 0 0 0 0 0 0
0.500832 -0.28513 0.00225341 0 0 0 0 0 0
0.500931 -0.290298 0.00225341 0 0 0 0 0 0
0.500994 -0.293633 0.00225341 0 0 0 0 0 0
0.501096 -0.298963 0.00225341 0 0 0 0 0 0
0.501157 -0.302136 0.00225341 0 0 0 0 0 0
0.501187 -0.303735 0.00225341 0 0 0 0 0 0
0.501187 -0.303735 0.00225341 0 0 0 0 0 0
0.501262 -0.307629 0.00225341 0 0 0 0 0 0
0.501319 -0.31064 0.00225341 0 0 0 0 0 0
0.501427 -0.316294 0.00225341 0 0 0 0 0 0
0.501482 -0.319143 0.00225341 0 0 0 0 0 0
0.501593 -0.32496 0.00225341 0 0 0 0 0 0
0.501644 -0.327646 0.00225341 0 0 0 0 0 0
0.501758 -0.333625 0.00225341 0 0 0 0 0 0
0.501806 -0.336149 0.00225341 0 0 0 0 0 0
0.501924 -0.342291 0.00225341 0 0 0 0 0 0
0.501969 -0.344652 0.00225341 0 0 0 0 0 0
0.502089 -0.350956 0.00225341 0 0 0 0 0 0
0.502131 -0.353155 0.00225341 0 0 0 0 0 0
0.502255 -0.359622 0.00225341 0 0 0 0 0 0
0.502294 -0.361658 0.00225341 0 0 0 0 0 0
0.50242 -0.368287 0.00225341 0 0 0 0 0 0
0.502456 -0.370161 0.00225341 0 0 0 0 0 0
0.502511 -0.373059 0.00225341 0 0 0 0 0 0
0.502511 -0.373059 0.00225341 0 0 0 0 0 0
0.502586 -0.376953 0.00225341 0 0 0 0 0 0
0.502619 -0.378664 0.00225341 0 0 0 0 0 0
0.502751 -0.385618 0.00225341 0 0 0 0 0 0
0.502781 -0.387167 0.00225341 0 0 0 0 0 0
0.502917 -0.394284 0.00225341 0 0 0 0 0 0
0.502943 -0.395671 0.00225341 0 0 0 0 0 0
0.503082 -0.402949 0.00225341 0 0 0 0 0 0
0.503106 -0.404174 0.00225341 0 0 0 0 0 0
0.503248 -0.411615 0.00225341 0 0 0 0 0 0
0.503268 -0.412677 0.00225341 0 0 0 0 0 0
0.503413 -0.42028 0.00225341 0 0 0 0 0 0
0.503431 -0.42118 0.00225341 0 0 0 0 0 0
0.503579 -0.428946 0.00225341 0 0 0 0 0 0
0.503593 -0.429683 0.00225341 0 0 0 0 0 0
0.503744 -0.437611 0.00225341 0 0 0 0 0 0
0.503755 -0.438186 0.00225341 0 0 0 0 0 0
0.503836 -0.442383 0.00225341 0 0 0 0 0 0
0.503836 -0.442383 0.00225341 0 0 0 0 0 0
0.499423 -0.442518 0.00225341 0 0 0 0 0 0
0.495665 -0.442633 0.00225341 0 0 0 0 0 0
0.490484 -0.442792 0.00225341 0 0 0 0 0 0
0.486999 -0.442899 0.00225341 0 0 0 0 0 0
0.481544 -0.443066 0.00225341 0 0 0 0 0 0
0.478334 -0.443165 0.00225341 0 0 0 0 0 0
0.472604 -0.443341 0.00225341 0 0 0 0 0 0
0.469668 -0.443431 0.00225341 0 0 0 0 0 0
0.463665 -0.443615 0.00225341 0 0 0 0 0 0
0.461002 -0.443696 0.00225341 0 0 0 0 0 0
0.454725 -0.443889 0.00225341 0 0 0 0 0 0
0.452337 -0.443962 0.00225341 0 0 0 0 0 0
0.445785 -0.444163 0.00225341 0 0 0 0 0 0
0.443671 -0.444228 0.00225341 0 0 0 0 0 0
0.436846 -0.444437 0.00225341 0 0 0 0 0 0
0.435006 -0.444494 0.00225341 0 0 0 0 0 0
0.432318 -0.444576 0.00225341 0 0 0 0 0 0
0.432318 -0.444576 0.00225341 0 0 0 0 0 0
0.432238 -0.440379 0.00225341 0 0 0 0 0 0
0.432185 -0.437611 0.00225341 0 0 0 0 0 0
0.432076 -0.431876 0.00225341 0 0 0 0 0 0
0.43202 -0.428946 0.00225341 0 0 0 0 0 0
0.431913 -0.423373 0.00225341 0 0 0 0 0 0
0.431854 -0.42028 0.00225341 0 0 0 0 0 0
0.431751 -0.41487 0.00225341 0 0 0 0 0 0
0.431689 -0.411615 0.00225341 0 0 0 0 0 0
0.431588 -0.406367 0.00225341 0 0 0 0 0 0
0.431523 -0.402949 0.00225341 0 0 0 0 0 0
0.431426 -0.397864 0.00225341 0 0 0 0 0 0
0.431358 -0.394284 0.00225341 0 0 0 0 0 0
0.431264 -0.389361 0.00225341 0 0 0 0 0 0
0.431192 -0.385618 0.00225341 0 0 0 0 0 0
0.431101 -0.380858 0.00225341 0 0 0 0 0 0
0.431027 -0.376953 0.00225341 0 0 0 0 0 0
0.430994 -0.375252 0.00225341 0 0 0 0 0 0
0.430994 -0.375252 0.00225341 0 0 0 0 0 0
0.430939 -0.372354 0.00225341 0 0 0 0 0 0
0.430861 -0.368287 0.00225341 0 0 0 0 0 0
0.430776 -0.363851 0.00225341 0 0 0 0 0 0
0.430696 -0.359622 0.00225341 0 0 0 0 0 0
0.430614 -0.355348 0.00225341 0 0 0 0 0 0
0.43053 -0.350956 0.00225341 0 0 0 0 0 0
0.430452 -0.346845 0.00225341 0 0 0 0 0 0
0.430365 -0.342291 0.00225341 0 0 0 0 0 0
0.430289 -0.338342 0.00225341 0 0 0 0 0 0
0.430199 -0.333625 0.00225341 0 0 0 0 0 0
0.430127 -0.329839 0.00225341 0 0 0 0 0 0
0.430033 -0.32496 0.00225341 0 0 0 0 0 0
0.429964 -0.321336 0.00225341 0 0 0 0 0 0
0.429868 -0.316294 0.00225341 0 0 0 0 0 0
0.429802 -0.312833 0.00225341 0 0 0 0 0 0
0.429702 -0.307629 0.00225341 0 0 0 0 0 0
0.42967 -0.305928 0.00225341 0 0 0 0 0 0
0.42967 -0.305928 0.00225341 0 0 0 0 0 0
0.429639 -0.30433 0.00225341 0 0 0 0 0 0
0.429537 -0.298963 0.00225341 0 0 0 0 0 0
0.429477 -0.295827 0.00225341 0 0 0 0 0 0
0.429371 -0.290298 0.00225341 0 0 0 0 0 0
0.429315 -0.287323 0.00225341 0 0 0 0 0 0
0.429206 -0.281632 0.00225341 0 0 0 0 0 0
0.429152 -0.27882 0.00225341 0 0 0 0 0 0
0.42904 -0.272967 0.00225341 0 0 0 0 0 0
0.42899 -0.270317 0.00225341 0 0 0 0 0 0
0.428875 -0.264301 0.00225341 0 0 0 0 0 0
0.428827 -0.261814 0.00225341 0 0 0 0 0 0
0.428709 -0.255636 0.00225341 0 0 0 0 0 0
0.428665 -0.253311 0.00225341 0 0 0 0 0 0
0.428544 -0.24697 0.00225341 0 0 0 0 0 0
0.428503 -0.244808 0.00225341 0 0 0 0 0 0
0.428378 -0.238305 0.00225341 0 0 0 0 0 0
0.428346 -0.236604 0.00225341 0 0 0 0 0 0
0.428346 -0.236604 0.00225341 0 0 0 0 0 0
0.428339 -0.236306 0.00225341 0 0 0 0 0 0
0.428194 -0.229639 0.00225341 0 0 0 0 0 0
0.428154 -0.227825 0.00225341 0 0 0 0 0 0
0.428005 -0.220973 0.00225341 0 0 0 0 0 0
0.427969 -0.219345 0.00225341 0 0 0 0 0 0
0.427815 -0.212308 0.00225341 0 0 0 0 0 0
0.427784 -0.210864 0.00225341 0 0 0 0 0 0
0.427626 -0.203642 0.00225341 0 0 0 0 0 0
0.427599 -0.202384 0.00225341 0 0 0 0 0 0
0.427437 -0.194977 0.00225341 0 0 0 0 0 0
0.427414 -0.193904 0.00225341 0 0 0 0 0 0
0.427248 -0.186311 0.00225341 0 0 0 0 0 0
0.427229 -0.185423 0.00225341 0 0 0 0 0 0
0.427059 -0.177646 0.00225341 0 0 0 0 0 0
0.427043 -0.176943 0.00225341 0 0 0 0 0 0
0.427022 -0.175945 0.00225341 0 0 0 0 0 0
0.427022 -0.175945 0.00225341 0 0 0 0 0 0
0.427759 -0.16898 0.00225341 0 0 0 0 0 0
0.427927 -0.167393 0.00225341 0 0 0 0 0 0
0.428677 -0.160315 0.00225341 0 0 0 0 0 0
0.428954 -0.157702 0.00225341 0 0 0 0 0 0
0.429595 -0.151649 0.00225341 0 0 0 0 0 0
0.42998 -0.14801 0.00225341 0 0 0 0 0 0
0.430512 -0.142984 0.00225341 0 0 0 0 0 0
0.431006 -0.138318 0.00225341 0 0 0 0 0 0
0.43143 -0.134318 0.00225341 0 0 0 0 0 0
0.432033 -0.128626 0.00225341 0 0 0 0 0 0
0.432348 -0.125653 0.00225341 0 0 0 0 0 0
0.433059 -0.118934 0.00225341 0 0 0 0 0 0
0.433265 -0.116987 0.00225341 0 0 0 0 0 0
0.434085 -0.109242 0.00225341 0 0 0 0 0 0
0.434183 -0.108322 0.00225341 0 0 0 0 0 0
0.434363 -0.106621 0.00225341 0 0 0 0 0 0
0.434363 -0.106621 0.00225341 0 0 0 0 0 0
0.434245 -0.100418 0.00225341 0 0 0 0 0 0
0.43423 -0.0996563 0.00225341 0 0 0 0 0 0
0.434082 -0.0919145 0.00225341 0 0 0 0 0 0
0.434065 -0.0909907 0.00225341 0 0 0 0 0 0
0.43392 -0.0834114 0.00225341 0 0 0 0 0 0
0.433899 -0.0823252 0.00225341 0 0 0 0 0 0
0.433757 -0.0749083 0.00225341 0 0 0 0 0 0
0.433733 -0.0736597 0.00225341 0 0 0 0 0 0
0.433595 -0.0664052 0.00225341 0 0 0 0 0 0
0.433568 -0.0649942 0.00225341 0 0 0 0 0 0
0.433432 -0.0579021 0.00225341 0 0 0 0 0 0
0.433402 -0.0563287 0.00225341 0 0 0 0 0 0
0.43327 -0.049399 0.00225341 0 0 0 0 0 0
0.433237 -0.0476632 0.00225341 0 0 0 0 0 0
0.433108 -0.0408959 0.00225341 0 0 0 0 0 0
0.433071 -0.0389977 0.00225341 0 0 0 0 0 0
0.433039 -0.0372967 0.00225341 0 0 0 0 0 0
0.433039 -0.0372967 0.00225341 0 0 0 0 0 0
0.42874 -0.0365978 0.00225341 0 0 0 0 0 0
0.42634 -0.0362076 0.00225341 0 0 0 0 0 0
0.421287 -0.0353858 0.00225341 0 0 0 0 0 0
0.417675 -0.0347986 0.00225341 0 0 0 0 0 0
0.413833 -0.0341739 0.00225341 0 0 0 0 0 0
0.409009 -0.0333896 0.00225341 0 0 0 0 0 0
0.40638 -0.032962 0.00225341 0 0 0 0 0 0
0.400344 -0.0319806 0.00225341 0 0 0 0 0 0
0.398926 -0.03175 0.00225341 0 0 0 0 0 0
0.391678 -0.0305716 0.00225341 0 0 0 0 0 0
0.391472 -0.0305381 0.00225341 0 0 0 0 0 0
0.390206 -0.0303321 0.00225341 0 0 0 0 0 0
0.384019 -0.0293261 0.00225341 0 0 0 0 0 0
0.383013 -0.0291626 0.00225341 0 0 0 0 0 0
0.376565 -0.0281142 0.00225341 0 0 0 0 0 0
0.374347 -0.0277536 0.00225341 0 0 0 0 0 0
0.369112 -0.0269022 0.00225341 0 0 0 0 0 0
0.365682 -0.0263445 0.00225341 0 0 0 0 0 0
0.361658 -0.0256903 0.00225341 0 0 0 0 0 0
0.357016 -0.0249355 0.00225341 0 0 0 0 0 0
0.354204 -0.0244784 0.00225341 0 0 0 0 0 0
0.348351 -0.0235265 0.00225341 0 0 0 0 0 0
0.346751 -0.0232664 0.00225341 0 0 0 0 0 0
0.339685 -0.0221175 0.00225341 0 0 0 0 0 0
0.339297 -0.0220545 0.00225341 0 0 0 0 0 0
0.336912 -0.0216666 0.00225341 0 0 0 0 0 0
0.331844 -0.0208425 0.00225341 0 0 0 0 0 0
0.33102 -0.0207085 0.00225341 0 0 0 0 0 0
0.32439 -0.0196306 0.00225341 0 0 0 0 0 0
0.322354 -0.0192995 0.00225341 0 0 0 0 0 0
0.316937 -0.0184186 0.00225341 0 0 0 0 0 0
0.313689 -0.0178905 0.00225341 0 0 0 0 0 0
0.309483 -0.0172067 0.00225341 0 0 0 0 0 0
0.305023 -0.0164815 0.00225341 0 0 0 0 0 0
0.302029 -0.0159948 0.00225341 0 0 0 0 0 0
0.296358 -0.0150725 0.00225341 0 0 0 0 0 0
0.294576 -0.0147828 0.00225341 0 0 0 0 0 0
0.287692 -0.0136635 0.00225341 0 0 0 0 0 0
0.287122 -0.0135709 0.00225341 0 0 0 0 0 0
0.283618 -0.0130011 0.00225341 0 0 0 0 0 0
0.279669 -0.0123589 0.00225341 0 0 0 0 0 0
0.279027 -0.0122545 0.00225341 0 0 0 0 0 0
0.272215 -0.011147 0.00225341 0 0 0 0 0 0
0.270361 -0.0108455 0.00225341 0 0 0 0 0 0
0.264762 -0.00993506 0.00225341 0 0 0 0 0 0
0.261696 -0.00943652 0.00225341 0 0 0 0 0 0
0.258206 -0.00883925 0.00340105 0 0 0 0 0 0
0.254982 -0.00828732 0.00446159 0 0 0 0 0 0
0.253492 -0.00757916 0.00855417 0 0 0 0 0 0
0.252601 -0.00715551 0.0110025 0 0 0 0 0 0
0.252601 -0.00602046 0.0179832 0 0 0 0 0 0
0.252601 -0.0057465 0.019668 0 0 0 0 0 0
0.252601 -0.00433787 0.0283313 0 0 0 0 0 0
0.252601 -0.0043375 0.0283335 0 0 0 0 0 0
0.252601 -0.00433558 0.0283453 0 0 0 0 0 0
0.252601 -0.0029285 0.036999 0 0 0 0 0 0
0.252601 -0.00265528 0.0386793 0 0 0 0 0 0
0.252601 -0.0015195 0.0456645 0 0 0 0 0 0
0.252601 -0.000972695 0.0490274 0 0 0 0 0 0
0.252601 -0.000110487 0.0543301 0 0 0 0 0 0
0.252601 0.000709896 0.0593756 0 0 0 0 0 0
0.252601 0.00129851 0.0629956 0 0 0 0 0 0
0.252601 0.00239248 0.0697236 0 0 0 0 0 0
0.252601 0.00270751 0.0716611 0 0 0 0 0 0
0.252601 0.00407506 0.0800717 0 0 0 0 0 0
0.252601 0.00411651 0.0803266 0 0 0 0 0 0
0.252601 0.00432998 0.0816395 0 0 0 0 0 0
0.252601 0.00552552 0.0889922 0 0 0 0 0 0
0.252978 0.00570512 0.0900301 0 0 0 0 0 0
0.254982 0.00665726 0.0955325 0 0 0 0 0 0
0.259317 0.00739938 0.0969582 0 0 0 0 0 0
0.261696 0.00780643 0.0977402 0 0 0 0 0 0
0.266159 0.00853216 0.0977402 0 0 0 0 0 0
0.270361 0.00921544 0.0977402 0 0 0 0 0 0
0.273613 0.00974411 0.0977402 0 0 0 0 0 0
0.279027 0.0106244 0.0977402 0 0 0 0 0 0
0.281066 0.010956 0.0977402 0 0 0 0 0 0
0.287692 0.0120334 0.0977402 0 0 0 0 0 0
0.28852 0.012168 0.0977402 0 0 0 0 0 0
0.293609 0.0129955 0.0977402 0 0 0 0 0 0
0.295973 0.0133799 0.0977402 0 0 0 0 0 0
0.296358 0.0134424 0.0977402 0 0 0 0 0 0
0.303427 0.0145919 0.0977402 0 0 0 0 0 0
0.305023 0.0148514 0.0977402 0 0 0 0 0 0
0.31088 0.0158038 0.0977402 0 0 0 0 0 0
0.313689 0.0162604 0.0977402 0 0 0 0 0 0
0.318334 0.0170158 0.0977402 0 0 0 0 0 0
0.322354 0.0176694 0.0977402 0 0 0 0 0 0
0.325787 0.0182277 0.0977402 0 0 0 0 0 0
0.33102 0.0190784 0.0977402 0 0 0 0 0 0
0.333241 0.0194396 0.0977402 0 0 0 0 0 0
0.339685 0.0204875 0.0977402 0 0 0 0 0 0
0.340695 0.0206516 0.0977402 0 0 0 0 0 0
0.346903 0.021661 0.0977402 0 0 0 0 0 0
0.348148 0.0218635 0.0977402 0 0 0 0 0 0
0.348351 0.0218965 0.0977402 0 0 0 0 0 0
0.355602 0.0230755 0.0977402 0 0 0 0 0 0
0.357016 0.0233055 0.0977402 0 0 0 0 0 0
0.363055 0.0242874 0.0977402 0 0 0 0 0 0
0.365682 0.0247145 0.0977402 0 0 0 0 0 0
0.370509 0.0254993 0.0977402 0 0 0 0 0 0
0.374347 0.0261235 0.0977402 0 0 0 0 0 0
0.377963 0.0267113 0.0977402 0 0 0 0 0 0
0.383013 0.0275325 0.0977402 0 0 0 0 0 0
0.385416 0.0279232 0.0977402 0 0 0 0 0 0
0.391678 0.0289415 0.0977402 0 0 0 0 0 0
0.39287 0.0291352 0.0977402 0 0 0 0 0 0
0.400196 0.0303265 0.0977402 0 0 0 0 0 0
0.400323 0.0303471 0.0977402 0 0 0 0 0 0
0.400344 0.0303505 0.0977402 0 0 0 0 0 0
0.407777 0.0315591 0.0977402 0 0 0 0 0 0
0.409009 0.0317595 0.0977402 0 0 0 0 0 0
0.41523 0.032771 0.0977402 0 0 0 0 0 0
0.417675 0.0331685 0.0977402 0 0 0 0 0 0
0.422684 0.0339829 0.0977402 0 0 0 0 0 0
0.42634 0.0345775 0.0977402 0 0 0 0 0 0
0.426978 0.0346811 0.0977402 0 0 0 0 0 0
0.426978 0.0346811 0.0977402 0 0 0 0 0 0
0.427047 0.0382858 0.0977402 0 0 0 0 0 0
0.42706 0.038992 0.0977402 0 0 0 0 0 0
0.427209 0.0467889 0.0977402 0 0 0 0 0 0
0.427226 0.0476575 0.0977402 0 0 0 0 0 0
0.427371 0.055292 0.0977402 0 0 0 0 0 0
0.427391 0.0563231 0.0977402 0 0 0 0 0 0
0.427534 0.063795 0.0977402 0 0 0 0 0 0
0.427557 0.0649886 0.0977402 0 0 0 0 0 0
0.427696 0.0722982 0.0977402 0 0 0 0 0 0
0.427722 0.0736541 0.0977402 0 0 0 0 0 0
0.427859 0.0808013 0.0977402 0 0 0 0 0 0
0.427888 0.0823196 0.0977402 0 0 0 0 0 0
0.428021 0.0893044 0.0977402 0 0 0 0 0 0
0.428053 0.0909851 0.0977402 0 0 0 0 0 0
0.428184 0.0978075 0.0977402 0 0 0 0 0 0
0.428219 0.0996506 0.0977402 0 0 0 0 0 0
0.428302 0.104005 0.0977402 0 0 0 0 0 0
0.428302 0.104005 0.0977402 0 0 0 0 0 0
0.428346 0.106311 0.0977402 0 0 0 0 0 0
0.428384 0.108316 0.0977402 0 0 0 0 0 0
0.428508 0.114814 0.0977402 0 0 0 0 0 0
0.42855 0.116982 0.0977402 0 0 0 0 0 0
0.428671 0.123317 0.0977402 0 0 0 0 0 0
0.428715 0.125647 0.0977402 0 0 0 0 0 0
0.428833 0.13182 0.0977402 0 0 0 0 0 0
0.428881 0.134313 0.0977402 0 0 0 0 0 0
0.428996 0.140323 0.0977402 0 0 0 0 0 0
0.429046 0.142978 0.0977402 0 0 0 0 0 0
0.429158 0.148826 0.0977402 0 0 0 0 0 0
0.429212 0.151644 0.0977402 0 0 0 0 0 0
0.42932 0.157329 0.0977402 0 0 0 0 0 0
0.429377 0.160309 0.0977402 0 0 0 0 0 0
0.429483 0.165832 0.0977402 0 0 0 0 0 0
0.429543 0.168975 0.0977402 0 0 0 0 0 0
0.429626 0.173329 0.0977402 0 0 0 0 0 0
0.429626 0.173329 0.0977402 0 0 0 0 0 0
0.429648 0.174333 0.0977402 0 0 0 0 0 0
0.42972 0.17764 0.0977402 0 0 0 0 0 0
0.429833 0.182813 0.0977402 0 0 0 0 0 0
0.429909 0.186306 0.0977402 0 0 0 0 0 0
0.430018 0.191294 0.0977402 0 0 0 0 0 0
0.430098 0.194971 0.0977402 0 0 0 0 0 0
0.430203 0.199774 0.0977402 0 0 0 0 0 0
0.430288 0.203637 0.0977402 0 0 0 0 0 0
0.430388 0.208254 0.0977402 0 0 0 0 0 0
0.430477 0.212302 0.0977402 0 0 0 0 0 0
0.430574 0.216735 0.0977402 0 0 0 0 0 0
0.430666 0.220968 0.0977402 0 0 0 0 0 0
0.430759 0.225215 0.0977402 0 0 0 0 0 0
0.430855 0.229633 0.0977402 0 0 0 0 0 0
0.430944 0.233695 0.0977402 0 0 0 0 0 0
0.43095 0.233988 0.0977402 0 0 0 0 0 0
0.43095 0.233988 0.0977402 0 0 0 0 0 0
0.431033 0.238299 0.0977402 0 0 0 0 0 0
0.431107 0.242198 0.0977402 0 0 0 0 0 0
0.431198 0.246964 0.0977402 0 0 0 0 0 0
0.431269 0.250701 0.0977402 0 0 0 0 0 0
0.431364 0.25563 0.0977402 0 0 0 0 0 0
0.431432 0.259204 0.0977402 0 0 0 0 0 0
0.431529 0.264295 0.0977402 0 0 0 0 0 0
0.431594 0.267707 0.0977402 0 0 0 0 0 0
0.431695 0.272961 0.0977402 0 0 0 0 0 0
0.431757 0.27621 0.0977402 0 0 0 0 0 0
0.43186 0.281627 0.0977402 0 0 0 0 0 0
0.431919 0.284713 0.0977402 0 0 0 0 0 0
0.432026 0.290292 0.0977402 0 0 0 0 0 0
0.432081 0.293216 0.0977402 0 0 0 0 0 0
0.432191 0.298958 0.0977402 0 0 0 0 0 0
0.432244 0.30172 0.0977402 0 0 0 0 0 0
0.432274 0.303312 0.0977402 0 0 0 0 0 0
0.432274 0.303312 0.0977402 0 0 0 0 0 0
0.432357 0.307623 0.0977402 0 0 0 0 0 0
0.432406 0.310223 0.0977402 0 0 0 0 0 0
0.432522 0.316289 0.0977402 0 0 0 0 0 0
0.432569 0.318726 0.0977402 0 0 0 0 0 0
0.432688 0.324954 0.0977402 0 0 0 0 0 0
0.432731 0.327229 0.0977402 0 0 0 0 0 0
0.432853 0.33362 0.0977402 0 0 0 0 0 0
0.432894 0.335732 0.0977402 0 0 0 0 0 0
0.433019 0.342285 0.0977402 0 0 0 0 0 0
0.433056 0.344235 0.0977402 0 0 0 0 0 0
0.433184 0.350951 0.0977402 0 0 0 0 0 0
0.433218 0.352738 0.0977402 0 0 0 0 0 0
0.43335 0.359616 0.0977402 0 0 0 0 0 0
0.433381 0.361241 0.0977402 0 0 0 0 0 0
0.433515 0.368282 0.0977402 0 0 0 0 0 0
0.433543 0.369744 0.0977402 0 0 0 0 0 0
0.433598 0.372636 0.0977402 0 0 0 0 0 0
0.433598 0.372636 0.0977402 0 0 0 0 0 0
0.433681 0.376947 0.0977402 0 0 0 0 0 0
0.433706 0.378247 0.0977402 0 0 0 0 0 0
0.433846 0.385613 0.0977402 0 0 0 0 0 0
0.433868 0.386751 0.0977402 0 0 0 0 0 0
0.434012 0.394278 0.0977402 0 0 0 0 0 0
0.43403 0.395254 0.0977402 0 0 0 0 0 0
0.434177 0.402944 0.0977402 0 0 0 0 0 0
0.434193 0.403757 0.0977402 0 0 0 0 0 0
0.434343 0.411609 0.0977402 0 0 0 0 0 0
0.434355 0.41226 0.0977402 0 0 0 0 0 0
0.434508 0.420275 0.0977402 0 0 0 0 0 0
0.434518 0.420763 0.0977402 0 0 0 0 0 0
0.434674 0.42894 0.0977402 0 0 0 0 0 0
0.43468 0.429266 0.0977402 0 0 0 0 0 0
0.434839 0.437606 0.0977402 0 0 0 0 0 0
0.434843 0.437769 0.0977402 0 0 0 0 0 0
0.434923 0.44196 0.0977402 0 0 0 0 0 0
0.434923 0.44196 0.0977402 0 0 0 0 0 0
0.430672 0.44194 0.0977402 0 0 0 0 0 0
0.42634 0.441919 0.0977402 0 0 0 0 0 0
0.422048 0.441898 0.0977402 0 0 0 0 0 0
0.417675 0.441876 0.0977402 0 0 0 0 0 0
0.413425 0.441856 0.0977402 0 0 0 0 0 0
0.409009 0.441834 0.0977402 0 0 0 0 0 0
0.404801 0.441814 0.0977402 0 0 0 0 0 0
0.400344 0.441792 0.0977402 0 0 0 0 0 0
0.396178 0.441772 0.0977402 0 0 0 0 0 0
0.391678 0.44175 0.0977402 0 0 0 0 0 0
0.387554 0.44173 0.0977402 0 0 0 0 0 0
0.383013 0.441708 0.0977402 0 0 0 0 0 0
0.378931 0.441688 0.0977402 0 0 0 0 0 0
0.374347 0.441666 0.0977402 0 0 0 0 0 0
0.370307 0.441646 0.0977402 0 0 0 0 0 0
0.365682 0.441623 0.0977402 0 0 0 0 0 0
0.361684 0.441604 0.0977402 0 0 0 0 0 0
0.357311 0.441583 0.0977402 0 0 0 0 0 0
0.357311 0.441583 0.0977402 0 0 0 0 0 0
0.357732 0.437606 0.0977402 0 0 0 0 0 0
0.357817 0.436805 0.0977402 0 0 0 0 0 0
0.35865 0.42894 0.0977402 0 0 0 0 0 0
0.358843 0.427113 0.0977402 0 0 0 0 0 0
0.359567 0.420275 0.0977402 0 0 0 0 0 0
0.359869 0.417422 0.0977402 0 0 0 0 0 0
0.360485 0.411609 0.0977402 0 0 0 0 0 0
0.360896 0.40773 0.0977402 0 0 0 0 0 0
0.361403 0.402944 0.0977402 0 0 0 0 0 0
0.361922 0.398038 0.0977402 0 0 0 0 0 0
0.36232 0.394278 0.0977402 0 0 0 0 0 0
0.362949 0.388346 0.0977402 0 0 0 0 0 0
0.363238 0.385613 0.0977402 0 0 0 0 0 0
0.363975 0.378654 0.0977402 0 0 0 0 0 0
0.364156 0.376947 0.0977402 0 0 0 0 0 0
0.364652 0.372258 0.0977402 0 0 0 0 0 0
0.364652 0.372258 0.0977402 0 0 0 0 0 0
0.364597 0.369366 0.0977402 0 0 0 0 0 0
0.364576 0.368282 0.0977402 0 0 0 0 0 0
0.364435 0.360863 0.0977402 0 0 0 0 0 0
0.364411 0.359616 0.0977402 0 0 0 0 0 0
0.364272 0.35236 0.0977402 0 0 0 0 0 0
0.364245 0.350951 0.0977402 0 0 0 0 0 0
0.36411 0.343857 0.0977402 0 0 0 0 0 0
0.36408 0.342285 0.0977402 0 0 0 0 0 0
0.363947 0.335354 0.0977402 0 0 0 0 0 0
0.363914 0.33362 0.0977402 0 0 0 0 0 0
0.363785 0.326851 0.0977402 0 0 0 0 0 0
0.363749 0.324954 0.0977402 0 0 0 0 0 0
0.363622 0.318348 0.0977402 0 0 0 0 0 0
0.363583 0.316289 0.0977402 0 0 0 0 0 0
0.36346 0.309845 0.0977402 0 0 0 0 0 0
0.363418 0.307623 0.0977402 0 0 0 0 0 0
0.363328 0.302934 0.0977402 0 0 0 0 0 0
0.363328 0.302934 0.0977402 0 0 0 0 0 0
0.363298 0.301342 0.0977402 0 0 0 0 0 0
0.363252 0.298958 0.0977402 0 0 0 0 0 0
0.363135 0.292839 0.0977402 0 0 0 0 0 0
0.363087 0.290292 0.0977402 0 0 0 0 0 0
0.362973 0.284335 0.0977402 0 0 0 0 0 0
0.362921 0.281627 0.0977402 0 0 0 0 0 0
0.36281 0.275832 0.0977402 0 0 0 0 0 0
0.362756 0.272961 0.0977402 0 0 0 0 0 0
0.362648 0.267329 0.0977402 0 0 0 0 0 0
0.36259 0.264295 0.0977402 0 0 0 0 0 0
0.362486 0.258826 0.0977402 0 0 0 0 0 0
0.362425 0.25563 0.0977402 0 0 0 0 0 0
0.362323 0.250323 0.0977402 0 0 0 0 0 0
0.362259 0.246964 0.0977402 0 0 0 0 0 0
0.362161 0.24182 0.0977402 0 0 0 0 0 0
0.362093 0.238299 0.0977402 0 0 0 0 0 0
0.362004 0.23361 0.0977402 0 0 0 0 0 0
0.362004 0.23361 0.0977402 0 0 0 0 0 0
0.361998 0.233318 0.0977402 0 0 0 0 0 0
0.361917 0.229633 0.0977402 0 0 0 0 0 0
0.361812 0.224837 0.0977402 0 0 0 0 0 0
0.361728 0.220968 0.0977402 0 0 0 0 0 0
0.361627 0.216357 0.0977402 0 0 0 0 0 0
0.361539 0.212302 0.0977402 0 0 0 0 0 0
0.361442 0.207876 0.0977402 0 0 0 0 0 0
0.36135 0.203637 0.0977402 0 0 0 0 0 0
0.361257 0.199396 0.0977402 0 0 0 0 0 0
0.36116 0.194971 0.0977402 0 0 0 0 0 0
0.361072 0.190916 0.0977402 0 0 0 0 0 0
0.360971 0.186306 0.0977402 0 0 0 0 0 0
0.360887 0.182435 0.0977402 0 0 0 0 0 0
0.360782 0.17764 0.0977402 0 0 0 0 0 0
0.360702 0.173955 0.0977402 0 0 0 0 0 0
0.36068 0.172952 0.0977402 0 0 0 0 0 0
0.36068 0.172952 0.0977402 0 0 0 0 0 0
0.360604 0.168975 0.0977402 0 0 0 0 0 0
0.360537 0.165454 0.0977402 0 0 0 0 0 0
0.360438 0.160309 0.0977402 0 0 0 0 0 0
0.360374 0.156951 0.0977402 0 0 0 0 0 0
0.360273 0.151644 0.0977402 0 0 0 0 0 0
0.360212 0.148448 0.0977402 0 0 0 0 0 0
0.360107 0.142978 0.0977402 0 0 0 0 0 0
0.360049 0.139945 0.0977402 0 0 0 0 0 0
0.359942 0.134313 0.0977402 0 0 0 0 0 0
0.359887 0.131442 0.0977402 0 0 0 0 0 0
0.359776 0.125647 0.0977402 0 0 0 0 0 0
0.359725 0.122939 0.0977402 0 0 0 0 0 0
0.359611 0.116982 0.0977402 0 0 0 0 0 0
0.359562 0.114436 0.0977402 0 0 0 0 0 0
0.359445 0.108316 0.0977402 0 0 0 0 0 0
0.3594 0.105933 0.0977402 0 0 0 0 0 0
0.359356 0.103627 0.0977402 0 0 0 0 0 0
0.359356 0.103627 0.0977402 0 0 0 0 0 0
0.35928 0.0996506 0.0977402 0 0 0 0 0 0
0.359237 0.0974296 0.0977402 0 0 0 0 0 0
0.359114 0.0909851 0.0977402 0 0 0 0 0 0
0.359075 0.0889265 0.0977402 0 0 0 0 0 0
0.358949 0.0823196 0.0977402 0 0 0 0 0 0
0.358912 0.0804234 0.0977402 0 0 0 0 0 0
0.358783 0.0736541 0.0977402 0 0 0 0 0 0
0.35875 0.0719203 0.0977402 0 0 0 0 0 0
0.358618 0.0649886 0.0977402 0 0 0 0 0 0
0.358588 0.0634172 0.0977402 0 0 0 0 0 0
0.358452 0.0563231 0.0977402 0 0 0 0 0 0
0.358425 0.0549141 0.0977402 0 0 0 0 0 0
0.358287 0.0476575 0.0977402 0 0 0 0 0 0
0.358263 0.046411 0.0977402 0 0 0 0 0 0
0.358121 0.038992 0.0977402 0 0 0 0 0 0
0.3581 0.0379079 0.0977402 0 0 0 0 0 0
0.358032 0.0343032 0.0977402 0 0 0 0 0 0
0.358032 0.0343032 0.0977402 0 0 0 0 0 0
0.358584 0.0303265 0.0977402 0 0 0 0 0 0
0.358836 0.0285064 0.0977402 0 0 0 0 0 0
0.359787 0.021661 0.0977402 0 0 0 0 0 0
0.360233 0.0184438 0.0977402 0 0 0 0 0 0
0.36099 0.0129955 0.0977402 0 0 0 0 0 0
0.36163 0.00838127 0.0977402 0 0 0 0 0 0
0.362193 0.00432998 0.0977402 0 0 0 0 0 0
0.363028 -0.00168134 0.0977402 0 0 0 0 0 0
0.363396 -0.00433558 0.0977402 0 0 0 0 0 0
0.364425 -0.0117439 0.0977402 0 0 0 0 0 0
0.364599 -0.0130011 0.0977402 0 0 0 0 0 0
0.365682 -0.0207989 0.0977402 0 0 0 0 0 0
0.365802 -0.0216666 0.0977402 0 0 0 0 0 0
0.365822 -0.0218065 0.0977402 0 0 0 0 0 0
0.367005 -0.0303321 0.0977402 0 0 0 0 0 0
0.367219 -0.031869 0.0977402 0 0 0 0 0 0
0.368024 -0.0376724 0.0977402 0 0 0 0 0 0
0.368024 -0.0376724 0.0977402 0 0 0 0 0 0
0.367999 -0.0389977 0.0977402 0 0 0 0 0 0
0.367956 -0.0412716 0.0977402 0 0 0 0 0 0
0.367834 -0.0476632 0.0977402 0 0 0 0 0 0
0.367793 -0.0497747 0.0977402 0 0 0 0 0 0
0.367668 -0.0563287 0.0977402 0 0 0 0 0 0
0.367631 -0.0582777 0.0977402 0 0 0 0 0 0
0.367503 -0.0649942 0.0977402 0 0 0 0 0 0
0.367468 -0.0667809 0.0977402 0 0 0 0 0 0
0.367337 -0.0736597 0.0977402 0 0 0 0 0 0
0.367306 -0.0752839 0.0977402 0 0 0 0 0 0
0.367172 -0.0823252 0.0977402 0 0 0 0 0 0
0.367144 -0.0837871 0.0977402 0 0 0 0 0 0
0.367006 -0.0909907 0.0977402 0 0 0 0 0 0
0.366981 -0.0922902 0.0977402 0 0 0 0 0 0
0.366841 -0.0996563 0.0977402 0 0 0 0 0 0
0.366819 -0.100793 0.0977402 0 0 0 0 0 0
0.3667 -0.106997 0.0977402 0 0 0 0 0 0
0.3667 -0.106997 0.0977402 0 0 0 0 0 0
0.366841 -0.108322 0.0977402 0 0 0 0 0 0
0.366978 -0.109618 0.0977402 0 0 0 0 0 0
0.367758 -0.116987 0.0977402 0 0 0 0 0 0
0.368004 -0.11931 0.0977402 0 0 0 0 0 0
0.368676 -0.125653 0.0977402 0 0 0 0 0 0
0.369031 -0.129002 0.0977402 0 0 0 0 0 0
0.369594 -0.134318 0.0977402 0 0 0 0 0 0
0.370057 -0.138694 0.0977402 0 0 0 0 0 0
0.370511 -0.142984 0.0977402 0 0 0 0 0 0
0.371083 -0.148385 0.0977402 0 0 0 0 0 0
0.371429 -0.151649 0.0977402 0 0 0 0 0 0
0.37211 -0.158077 0.0977402 0 0 0 0 0 0
0.372347 -0.160315 0.0977402 0 0 0 0 0 0
0.373136 -0.167769 0.0977402 0 0 0 0 0 0
0.373264 -0.16898 0.0977402 0 0 0 0 0 0
0.374042 -0.176321 0.0977402 0 0 0 0 0 0
0.374042 -0.176321 0.0977402 0 0 0 0 0 0
0.37402 -0.177318 0.0977402 0 0 0 0 0 0
0.374013 -0.177646 0.0977402 0 0 0 0 0 0
0.373835 -0.185799 0.0977402 0 0 0 0 0 0
0.373824 -0.186311 0.0977402 0 0 0 0 0 0
0.37365 -0.194279 0.0977402 0 0 0 0 0 0
0.373634 -0.194977 0.0977402 0 0 0 0 0 0
0.373465 -0.20276 0.0977402 0 0 0 0 0 0
0.373445 -0.203642 0.0977402 0 0 0 0 0 0
0.373279 -0.21124 0.0977402 0 0 0 0 0 0
0.373256 -0.212308 0.0977402 0 0 0 0 0 0
0.373094 -0.21972 0.0977402 0 0 0 0 0 0
0.373067 -0.220973 0.0977402 0 0 0 0 0 0
0.372909 -0.228201 0.0977402 0 0 0 0 0 0
0.372878 -0.229639 0.0977402 0 0 0 0 0 0
0.372724 -0.236681 0.0977402 0 0 0 0 0 0
0.372718 -0.236979 0.0977402 0 0 0 0 0 0
0.372718 -0.236979 0.0977402 0 0 0 0 0 0
0.372692 -0.238305 0.0977402 0 0 0 0 0 0
0.372561 -0.245184 0.0977402 0 0 0 0 0 0
0.372527 -0.24697 0.0977402 0 0 0 0 0 0
0.372398 -0.253687 0.0977402 0 0 0 0 0 0
0.372361 -0.255636 0.0977402 0 0 0 0 0 0
0.372236 -0.26219 0.0977402 0 0 0 0 0 0
0.372196 -0.264301 0.0977402 0 0 0 0 0 0
0.372074 -0.270693 0.0977402 0 0 0 0 0 0
0.37203 -0.272967 0.0977402 0 0 0 0 0 0
0.371911 -0.279196 0.0977402 0 0 0 0 0 0
0.371865 -0.281632 0.0977402 0 0 0 0 0 0
0.371749 -0.287699 0.0977402 0 0 0 0 0 0
0.371699 -0.290298 0.0977402 0 0 0 0 0 0
0.371586 -0.296202 0.0977402 0 0 0 0 0 0
0.371534 -0.298963 0.0977402 0 0 0 0 0 0
0.371424 -0.304705 0.0977402 0 0 0 0 0 0
0.371393 -0.306303 0.0977402 0 0 0 0 0 0
0.371393 -0.306303 0.0977402 0 0 0 0 0 0
0.371368 -0.307629 0.0977402 0 0 0 0 0 0
0.371262 -0.313208 0.0977402 0 0 0 0 0 0
0.371203 -0.316294 0.0977402 0 0 0 0 0 0
0.371099 -0.321712 0.0977402 0 0 0 0 0 0
0.371037 -0.32496 0.0977402 0 0 0 0 0 0
0.370937 -0.330215 0.0977402 0 0 0 0 0 0
0.370872 -0.333625 0.0977402 0 0 0 0 0 0
0.370774 -0.338718 0.0977402 0 0 0 0 0 0
0.370706 -0.342291 0.0977402 0 0 0 0 0 0
0.370612 -0.347221 0.0977402 0 0 0 0 0 0
0.370541 -0.350956 0.0977402 0 0 0 0 0 0
0.370449 -0.355724 0.0977402 0 0 0 0 0 0
0.370375 -0.359622 0.0977402 0 0 0 0 0 0
0.370287 -0.364227 0.0977402 0 0 0 0 0 0
0.370209 -0.368287 0.0977402 0 0 0 0 0 0
0.370125 -0.37273 0.0977402 0 0 0 0 0 0
0.370069 -0.375628 0.0977402 0 0 0 0 0 0
0.370069 -0.375628 0.0977402 0 0 0 0 0 0
0.370044 -0.376953 0.0977402 0 0 0 0 0 0
0.369962 -0.381233 0.0977402 0 0 0 0 0 0
0.369878 -0.385618 0.0977402 0 0 0 0 0 0
0.3698 -0.389736 0.0977402 0 0 0 0 0 0
0.369713 -0.394284 0.0977402 0 0 0 0 0 0
0.369637 -0.398239 0.0977402 0 0 0 0 0 0
0.369547 -0.402949 0.0977402 0 0 0 0 0 0
0.369475 -0.406743 0.0977402 0 0 0 0 0 0
0.369382 -0.411615 0.0977402 0 0 0 0 0 0
0.369313 -0.415246 0.0977402 0 0 0 0 0 0
0.369216 -0.42028 0.0977402 0 0 0 0 0 0
0.36915 -0.423749 0.0977402 0 0 0 0 0 0
0.369051 -0.428946 0.0977402 0 0 0 0 0 0
0.368988 -0.432252 0.0977402 0 0 0 0 0 0
0.368885 -0.437611 0.0977402 0 0 0 0 0 0
0.368825 -0.440755 0.0977402 0 0 0 0 0 0
0.368745 -0.444952 0.0977402 0 0 0 0 0 0
0.368745 -0.444952 0.0977402 0 0 0 0 0 0
0.365682 -0.44486 0.0977402 0 0 0 0 0 0
0.364221 -0.444816 0.0977402 0 0 0 0 0 0
0.357016 -0.4446 0.0977402 0 0 0 0 0 0
0.355287 -0.444548 0.0977402 0 0 0 0 0 0
0.348351 -0.44434 0.0977402 0 0 0 0 0 0
0.346354 -0.44428 0.0977402 0 0 0 0 0 0
0.339685 -0.44408 0.0977402 0 0 0 0 0 0
0.33742 -0.444012 0.0977402 0 0 0 0 0 0
0.33102 -0.44382 0.0977402 0 0 0 0 0 0
0.328487 -0.443744 0.0977402 0 0 0 0 0 0
0.322354 -0.44356 0.0977402 0 0 0 0 0 0
0.319553 -0.443476 0.0977402 0 0 0 0 0 0
0.313689 -0.4433 0.0977402 0 0 0 0 0 0
0.31062 -0.443208 0.0977402 0 0 0 0 0 0
0.305023 -0.44304 0.0977402 0 0 0 0 0 0
0.301686 -0.44294 0.0977402 0 0 0 0 0 0
0.297277 -0.442808 0.0977402 0 0 0 0 0 0
0.297277 -0.442808 0.0977402 0 0 0 0 0 0
0.297357 -0.438611 0.0977402 0 0 0 0 0 0
0.297376 -0.437611 0.0977402 0 0 0 0 0 0
0.297519 -0.430108 0.0977402 0 0 0 0 0 0
0.297542 -0.428946 0.0977402 0 0 0 0 0 0
0.297682 -0.421605 0.0977402 0 0 0 0 0 0
0.297707 -0.42028 0.0977402 0 0 0 0 0 0
0.297844 -0.413102 0.0977402 0 0 0 0 0 0
0.297873 -0.411615 0.0977402 0 0 0 0 0 0
0.298007 -0.404598 0.0977402 0 0 0 0 0 0
0.298038 -0.402949 0.0977402 0 0 0 0 0 0
0.298169 -0.396095 0.0977402 0 0 0 0 0 0
0.298204 -0.394284 0.0977402 0 0 0 0 0 0
0.298332 -0.387592 0.0977402 0 0 0 0 0 0
0.298369 -0.385618 0.0977402 0 0 0 0 0 0
0.298494 -0.379089 0.0977402 0 0 0 0 0 0
0.298535 -0.376953 0.0977402 0 0 0 0 0 0
0.298601 -0.373483 0.0977402 0 0 0 0 0 0
0.298601 -0.373483 0.0977402 0 0 0 0 0 0
0.298656 -0.370586 0.0977402 0 0 0 0 0 0
0.2987 -0.368287 0.0977402 0 0 0 0 0 0
0.298819 -0.362083 0.0977402 0 0 0 0 0 0
0.298866 -0.359622 0.0977402 0 0 0 0 0 0
0.298981 -0.35358 0.0977402 0 0 0 0 0 0
0.299031 -0.350956 0.0977402 0 0 0 0 0 0
0.299144 -0.345077 0.0977402 0 0 0 0 0 0
0.299197 -0.342291 0.0977402 0 0 0 0 0 0
0.299306 -0.336574 0.0977402 0 0 0 0 0 0
0.299362 -0.333625 0.0977402 0 0 0 0 0 0
0.299468 -0.32807 0.0977402 0 0 0 0 0 0
0.299528 -0.32496 0.0977402 0 0 0 0 0 0
0.299631 -0.319567 0.0977402 0 0 0 0 0 0
0.299693 -0.316294 0.0977402 0 0 0 0 0 0
0.299793 -0.311064 0.0977402 0 0 0 0 0 0
0.299859 -0.307629 0.0977402 0 0 0 0 0 0
0.299925 -0.304159 0.0977402 0 0 0 0 0 0
0.299925 -0.304159 0.0977402 0 0 0 0 0 0
0.299956 -0.302561 0.0977402 0 0 0 0 0 0
0.300024 -0.298963 0.0977402 0 0 0 0 0 0
0.300118 -0.294058 0.0977402 0 0 0 0 0 0
0.30019 -0.290298 0.0977402 0 0 0 0 0 0
0.300281 -0.285555 0.0977402 0 0 0 0 0 0
0.300355 -0.281632 0.0977402 0 0 0 0 0 0
0.300443 -0.277052 0.0977402 0 0 0 0 0 0
0.300521 -0.272967 0.0977402 0 0 0 0 0 0
0.300605 -0.268549 0.0977402 0 0 0 0 0 0
0.300686 -0.264301 0.0977402 0 0 0 0 0 0
0.300768 -0.260046 0.0977402 0 0 0 0 0 0
0.300852 -0.255636 0.0977402 0 0 0 0 0 0
0.30093 -0.251543 0.0977402 0 0 0 0 0 0
0.301018 -0.24697 0.0977402 0 0 0 0 0 0
0.301093 -0.243039 0.0977402 0 0 0 0 0 0
0.301183 -0.238305 0.0977402 0 0 0 0 0 0
0.301249 -0.234835 0.0977402 0 0 0 0 0 0
0.301249 -0.234835 0.0977402 0 0 0 0 0 0
0.301256 -0.234537 0.0977402 0 0 0 0 0 0
0.301363 -0.229639 0.0977402 0 0 0 0 0 0
0.301441 -0.226057 0.0977402 0 0 0 0 0 0
0.301552 -0.220973 0.0977402 0 0 0 0 0 0
0.301626 -0.217576 0.0977402 0 0 0 0 0 0
0.301741 -0.212308 0.0977402 0 0 0 0 0 0
0.301811 -0.209096 0.0977402 0 0 0 0 0 0
0.30193 -0.203642 0.0977402 0 0 0 0 0 0
0.301996 -0.200616 0.0977402 0 0 0 0 0 0
0.302119 -0.194977 0.0977402 0 0 0 0 0 0
0.302181 -0.192135 0.0977402 0 0 0 0 0 0
0.302309 -0.186311 0.0977402 0 0 0 0 0 0
0.302367 -0.183655 0.0977402 0 0 0 0 0 0
0.302498 -0.177646 0.0977402 0 0 0 0 0 0
0.302552 -0.175174 0.0977402 0 0 0 0 0 0
0.302573 -0.174177 0.0977402 0 0 0 0 0 0
0.302573 -0.174177 0.0977402 0 0 0 0 0 0
0.302673 -0.16898 0.0977402 0 0 0 0 0 0
0.302717 -0.166674 0.0977402 0 0 0 0 0 0
0.302838 -0.160315 0.0977402 0 0 0 0 0 0
0.302879 -0.158171 0.0977402 0 0 0 0 0 0
0.303004 -0.151649 0.0977402 0 0 0 0 0 0
0.303042 -0.149668 0.0977402 0 0 0 0 0 0
0.303169 -0.142984 0.0977402 0 0 0 0 0 0
0.303204 -0.141165 0.0977402 0 0 0 0 0 0
0.303335 -0.134318 0.0977402 0 0 0 0 0 0
0.303366 -0.132662 0.0977402 0 0 0 0 0 0
0.3035 -0.125653 0.0977402 0 0 0 0 0 0
0.303529 -0.124158 0.0977402 0 0 0 0 0 0
0.303666 -0.116987 0.0977402 0 0 0 0 0 0
0.303691 -0.115655 0.0977402 0 0 0 0 0 0
0.303831 -0.108322 0.0977402 0 0 0 0 0 0
0.303854 -0.107152 0.0977402 0 0 0 0 0 0
0.303898 -0.104852 0.0977402 0 0 0 0 0 0
0.303898 -0.104852 0.0977402 0 0 0 0 0 0
0.303347 -0.0996563 0.0977402 0 0 0 0 0 0
0.303149 -0.0977819 0.0977402 0 0 0 0 0 0
0.30243 -0.0909907 0.0977402 0 0 0 0 0 0
0.302122 -0.08809 0.0977402 0 0 0 0 0 0
0.301512 -0.0823252 0.0977402 0 0 0 0 0 0
0.301096 -0.0783981 0.0977402 0 0 0 0 0 0
0.300594 -0.0736597 0.0977402 0 0 0 0 0 0
0.30007 -0.0687062 0.0977402 0 0 0 0 0 0
0.299677 -0.0649942 0.0977402 0 0 0 0 0 0
0.299043 -0.0590144 0.0977402 0 0 0 0 0 0
0.298759 -0.0563287 0.0977402 0 0 0 0 0 0
0.298017 -0.0493225 0.0977402 0 0 0 0 0 0
0.297841 -0.0476632 0.0977402 0 0 0 0 0 0
0.296991 -0.0396306 0.0977402 0 0 0 0 0 0
0.296924 -0.0389977 0.0977402 0 0 0 0 0 0
0.296556 -0.0355283 0.0977402 0 0 0 0 0 0
0.296556 -0.0355283 0.0977402 0 0 0 0 0 0
0.296358 -0.0338564 0.0977402 0 0 0 0 0 0
0.295939 -0.0303321 0.0977402 0 0 0 0 0 0
0.295883 -0.0298571 0.0977402 0 0 0 0 0 0
0.29491 -0.0216666 0.0977402 0 0 0 0 0 0
0.294715 -0.0200239 0.0977402 0 0 0 0 0 0
0.293881 -0.0130011 0.0977402 0 0 0 0 0 0
0.293547 -0.0101906 0.0977402 0 0 0 0 0 0
0.292852 -0.00433558 0.0977402 0 0 0 0 0 0
0.292379 -0.000357269 0.0977402 0 0 0 0 0 0
0.291823 0.00432998 0.0977402 0 0 0 0 0 0
0.291212 0.00947605 0.0977402 0 0 0 0 0 0
0.290794 0.0129955 0.0977402 0 0 0 0 0 0
0.290044 0.0193093 0.0977402 0 0 0 0 0 0
0.289765 0.021661 0.0977402 0 0 0 0 0 0
0.288876 0.0291426 0.0977402 0 0 0 0 0 0
0.288735 0.0303265 0.0977402 0 0 0 0 0 0
0.288203 0.0348074 0.0977402 0 0 0 0 0 0
0.288203 0.0348074 0.0977402 0 0 0 0 0 0
0.288272 0.038412 0.0977402 0 0 0 0 0 0
0.288283 0.038992 0.0977402 0 0 0 0 0 0
0.288435 0.0469151 0.0977402 0 0 0 0 0 0
0.288449 0.0476575 0.0977402 0 0 0 0 0 0
0.288597 0.0554182 0.0977402 0 0 0 0 0 0
0.288614 0.0563231 0.0977402 0 0 0 0 0 0
0.288759 0.0639213 0.0977402 0 0 0 0 0 0
0.28878 0.0649886 0.0977402 0 0 0 0 0 0
0.288922 0.0724245 0.0977402 0 0 0 0 0 0
0.288945 0.0736541 0.0977402 0 0 0 0 0 0
0.289084 0.0809276 0.0977402 0 0 0 0 0 0
0.289111 0.0823196 0.0977402 0 0 0 0 0 0
0.289247 0.0894306 0.0977402 0 0 0 0 0 0
0.289276 0.0909851 0.0977402 0 0 0 0 0 0
0.289409 0.0979337 0.0977402 0 0 0 0 0 0
0.289442 0.0996506 0.0977402 0 0 0 0 0 0
0.289527 0.104132 0.0977402 0 0 0 0 0 0
0.289527 0.104132 0.0977402 0 0 0 0 0 0
0.289571 0.106437 0.0977402 0 0 0 0 0 0
0.289607 0.108316 0.0977402 0 0 0 0 0 0
0.289734 0.11494 0.0977402 0 0 0 0 0 0
0.289773 0.116982 0.0977402 0 0 0 0 0 0
0.289896 0.123443 0.0977402 0 0 0 0 0 0
0.289938 0.125647 0.0977402 0 0 0 0 0 0
0.290059 0.131946 0.0977402 0 0 0 0 0 0
0.290104 0.134313 0.0977402 0 0 0 0 0 0
0.290221 0.140449 0.0977402 0 0 0 0 0 0
0.290269 0.142978 0.0977402 0 0 0 0 0 0
0.290384 0.148952 0.0977402 0 0 0 0 0 0
0.290435 0.151644 0.0977402 0 0 0 0 0 0
0.290546 0.157455 0.0977402 0 0 0 0 0 0
0.2906 0.160309 0.0977402 0 0 0 0 0 0
0.290708 0.165959 0.0977402 0 0 0 0 0 0
0.290766 0.168975 0.0977402 0 0 0 0 0 0
0.290852 0.173456 0.0977402 0 0 0 0 0 0
0.290852 0.173456 0.0977402 0 0 0 0 0 0
0.290873 0.174459 0.0977402 0 0 0 0 0 0
0.290943 0.17764 0.0977402 0 0 0 0 0 0
0.291059 0.182939 0.0977402 0 0 0 0 0 0
0.291132 0.186306 0.0977402 0 0 0 0 0 0
0.291244 0.19142 0.0977402 0 0 0 0 0 0
0.291321 0.194971 0.0977402 0 0 0 0 0 0
0.291429 0.1999 0.0977402 0 0 0 0 0 0
0.29151 0.203637 0.0977402 0 0 0 0 0 0
0.291614 0.208381 0.0977402 0 0 0 0 0 0
0.2917 0.212302 0.0977402 0 0 0 0 0 0
0.291799 0.216861 0.0977402 0 0 0 0 0 0
0.291889 0.220968 0.0977402 0 0 0 0 0 0
0.291984 0.225341 0.0977402 0 0 0 0 0 0
0.292078 0.229633 0.0977402 0 0 0 0 0 0
0.292169 0.233822 0.0977402 0 0 0 0 0 0
0.292176 0.234114 0.0977402 0 0 0 0 0 0
0.292176 0.234114 0.0977402 0 0 0 0 0 0
0.292256 0.238299 0.0977402 0 0 0 0 0 0
0.292332 0.242324 0.0977402 0 0 0 0 0 0
0.292421 0.246964 0.0977402 0 0 0 0 0 0
0.292495 0.250827 0.0977402 0 0 0 0 0 0
0.292587 0.25563 0.0977402 0 0 0 0 0 0
0.292657 0.25933 0.0977402 0 0 0 0 0 0
0.292752 0.264295 0.0977402 0 0 0 0 0 0
0.29282 0.267833 0.0977402 0 0 0 0 0 0
0.292918 0.272961 0.0977402 0 0 0 0 0 0
0.292982 0.276336 0.0977402 0 0 0 0 0 0
0.293083 0.281627 0.0977402 0 0 0 0 0 0
0.293145 0.28484 0.0977402 0 0 0 0 0 0
0.293249 0.290292 0.0977402 0 0 0 0 0 0
0.293307 0.293343 0.0977402 0 0 0 0 0 0
0.293414 0.298958 0.0977402 0 0 0 0 0 0
0.293469 0.301846 0.0977402 0 0 0 0 0 0
0.2935 0.303438 0.0977402 0 0 0 0 0 0
0.2935 0.303438 0.0977402 0 0 0 0 0 0
0.29358 0.307623 0.0977402 0 0 0 0 0 0
0.293632 0.310349 0.0977402 0 0 0 0 0 0
0.293745 0.316289 0.0977402 0 0 0 0 0 0
0.293794 0.318852 0.0977402 0 0 0 0 0 0
0.293911 0.324954 0.0977402 0 0 0 0 0 0
0.293957 0.327355 0.0977402 0 0 0 0 0 0
0.294076 0.33362 0.0977402 0 0 0 0 0 0
0.294119 0.335858 0.0977402 0 0 0 0 0 0
0.294242 0.342285 0.0977402 0 0 0 0 0 0
0.294281 0.344361 0.0977402 0 0 0 0 0 0
0.294407 0.350951 0.0977402 0 0 0 0 0 0
0.294444 0.352864 0.0977402 0 0 0 0 0 0
0.294573 0.359616 0.0977402 0 0 0 0 0 0
0.294606 0.361368 0.0977402 0 0 0 0 0 0
0.294738 0.368282 0.0977402 0 0 0 0 0 0
0.294769 0.369871 0.0977402 0 0 0 0 0 0
0.294824 0.372763 0.0977402 0 0 0 0 0 0
0.294824 0.372763 0.0977402 0 0 0 0 0 0
0.294904 0.376947 0.0977402 0 0 0 0 0 0
0.294931 0.378374 0.0977402 0 0 0 0 0 0
0.295069 0.385613 0.0977402 0 0 0 0 0 0
0.295094 0.386877 0.0977402 0 0 0 0 0 0
0.295235 0.394278 0.0977402 0 0 0 0 0 0
0.295256 0.39538 0.0977402 0 0 0 0 0 0
0.2954 0.402944 0.0977402 0 0 0 0 0 0
0.295418 0.403883 0.0977402 0 0 0 0 0 0
0.295566 0.411609 0.0977402 0 0 0 0 0 0
0.295581 0.412386 0.0977402 0 0 0 0 0 0
0.295731 0.420275 0.0977402 0 0 0 0 0 0
0.295743 0.420889 0.0977402 0 0 0 0 0 0
0.295897 0.42894 0.0977402 0 0 0 0 0 0
0.295906 0.429392 0.0977402 0 0 0 0 0 0
0.296063 0.437606 0.0977402 0 0 0 0 0 0
0.296068 0.437895 0.0977402 0 0 0 0 0 0
0.296148 0.442087 0.0977402 0 0 0 0 0 0
