0.707663 -0.445914 0.0977402 0 0 0 0 0 0
0.703637 -0.445838 0.0977402 0 0 0 0 0 0
0.70319 -0.44583 0.0977402 0 0 0 0 0 0
0.694971 -0.445676 0.0977402 0 0 0 0 0 0
0.694359 -0.445665 0.0977402 0 0 0 0 0 0
0.686306 -0.445514 0.0977402 0 0 0 0 0 0
0.685528 -0.445499 0.0977402 0 0 0 0 0 0
0.67764 -0.445351 0.0977402 0 0 0 0 0 0
0.676697 -0.445334 0.0977402 0 0 0 0 0 0
0.668975 -0.445189 0.0977402 0 0 0 0 0 0
0.667866 -0.445168 0.0977402 0 0 0 0 0 0
0.660309 -0.445026 0.0977402 0 0 0 0 0 0
0.659035 -0.445002 0.0977402 0 0 0 0 0 0
0.651644 -0.444864 0.0977402 0 0 0 0 0 0
0.650204 -0.444837 0.0977402 0 0 0 0 0 0
0.642978 -0.444702 0.0977402 0 0 0 0 0 0
0.641373 -0.444671 0.0977402 0 0 0 0 0 0
0.637014 -0.44459 0.0977402 0 0 0 0 0 0
0.637014 -0.44459 0.0977402 0 0 0 0 0 0
0.634313 -0.444539 0.0977402 0 0 0 0 0 0
0.632542 -0.444506 0.0977402 0 0 0 0 0 0
0.625647 -0.444377 0.0977402 0 0 0 0 0 0
0.623711 -0.44434 0.0977402 0 0 0 0 0 0
0.616982 -0.444214 0.0977402 0 0 0 0 0 0
0.61488 -0.444175 0.0977402 0 0 0 0 0 0
0.608316 -0.444052 0.0977402 0 0 0 0 0 0
0.606049 -0.444009 0.0977402 0 0 0 0 0 0
0.599651 -0.443889 0.0977402 0 0 0 0 0 0
0.597218 -0.443844 0.0977402 0 0 0 0 0 0
0.590985 -0.443727 0.0977402 0 0 0 0 0 0
0.588387 -0.443678 0.0977402 0 0 0 0 0 0
0.58232 -0.443565 0.0977402 0 0 0 0 0 0
0.579556 -0.443513 0.0977402 0 0 0 0 0 0
0.573654 -0.443402 0.0977402 0 0 0 0 0 0
0.570725 -0.443347 0.0977402 0 0 0 0 0 0
0.566366 -0.443266 0.0977402 0 0 0 0 0 0
0.566366 -0.443266 0.0977402 0 0 0 0 0 0
0.564989 -0.44324 0.0977402 0 0 0 0 0 0
0.561894 -0.443182 0.0977402 0 0 0 0 0 0
0.556323 -0.443077 0.0977402 0 0 0 0 0 0
0.553063 -0.443016 0.0977402 0 0 0 0 0 0
0.547658 -0.442915 0.0977402 0 0 0 0 0 0
0.544232 -0.442851 0.0977402 0 0 0 0 0 0
0.538992 -0.442753 0.0977402 0 0 0 0 0 0
0.5354 -0.442685 0.0977402 0 0 0 0 0 0
0.530327 -0.44259 0.0977402 0 0 0 0 0 0
0.526569 -0.44252 0.0977402 0 0 0 0 0 0
0.521661 -0.442428 0.0977402 0 0 0 0 0 0
0.517738 -0.442354 0.0977402 0 0 0 0 0 0
0.512996 -0.442265 0.0977402 0 0 0 0 0 0
0.508907 -0.442189 0.0977402 0 0 0 0 0 0
0.50433 -0.442103 0.0977402 0 0 0 0 0 0
0.500076 -0.442023 0.0977402 0 0 0 0 0 0
0.495718 -0.441941 0.0977402 0 0 0 0 0 0
0.495718 -0.441941 0.0977402 0 0 0 0 0 0
0.495665 -0.44194 0.0977402 0 0 0 0 0 0
0.491233 -0.441846 0.0977402 0 0 0 0 0 0
0.486999 -0.441755 0.0977402 0 0 0 0 0 0
0.482379 -0.441657 0.0977402 0 0 0 0 0 0
0.478334 -0.44157 0.0977402 0 0 0 0 0 0
0.473524 -0.441467 0.0977402 0 0 0 0 0 0
0.469668 -0.441385 0.0977402 0 0 0 0 0 0
0.464669 -0.441278 0.0977402 0 0 0 0 0 0
0.461002 -0.4412 0.0977402 0 0 0 0 0 0
0.455815 -0.441089 0.0977402 0 0 0 0 0 0
0.452337 -0.441015 0.0977402 0 0 0 0 0 0
0.44696 -0.4409 0.0977402 0 0 0 0 0 0
0.443671 -0.44083 0.0977402 0 0 0 0 0 0
0.438105 -0.440711 0.0977402 0 0 0 0 0 0
0.435006 -0.440644 0.0977402 0 0 0 0 0 0
0.433735 -0.440617 0.0977402 0 0 0 0 0 0
0.433735 -0.440617 0.0977402 0 0 0 0 0 0
0.429262 -0.440533 0.0977402 0 0 0 0 0 0
0.42634 -0.440479 0.0977402 0 0 0 0 0 0
0.420431 -0.440368 0.0977402 0 0 0 0 0 0
0.417675 -0.440316 0.0977402 0 0 0 0 0 0
0.4116 -0.440202 0.0977402 0 0 0 0 0 0
0.409009 -0.440154 0.0977402 0 0 0 0 0 0
0.402769 -0.440037 0.0977402 0 0 0 0 0 0
0.400344 -0.439991 0.0977402 0 0 0 0 0 0
0.393938 -0.439871 0.0977402 0 0 0 0 0 0
0.391678 -0.439829 0.0977402 0 0 0 0 0 0
0.385107 -0.439706 0.0977402 0 0 0 0 0 0
0.383013 -0.439667 0.0977402 0 0 0 0 0 0
0.376276 -0.43954 0.0977402 0 0 0 0 0 0
0.374347 -0.439504 0.0977402 0 0 0 0 0 0
0.367445 -0.439375 0.0977402 0 0 0 0 0 0
0.365682 -0.439342 0.0977402 0 0 0 0 0 0
0.363087 -0.439293 0.0977402 0 0 0 0 0 0
0.363087 -0.439293 0.0977402 0 0 0 0 0 0
0.358614 -0.439209 0.0977402 0 0 0 0 0 0
0.357016 -0.439179 0.0977402 0 0 0 0 0 0
0.349783 -0.439044 0.0977402 0 0 0 0 0 0
0.348351 -0.439017 0.0977402 0 0 0 0 0 0
0.340952 -0.438878 0.0977402 0 0 0 0 0 0
0.339685 -0.438855 0.0977402 0 0 0 0 0 0
0.332121 -0.438713 0.0977402 0 0 0 0 0 0
0.33102 -0.438692 0.0977402 0 0 0 0 0 0
0.32329 -0.438547 0.0977402 0 0 0 0 0 0
0.322354 -0.43853 0.0977402 0 0 0 0 0 0
0.314459 -0.438382 0.0977402 0 0 0 0 0 0
0.313689 -0.438367 0.0977402 0 0 0 0 0 0
0.305628 -0.438216 0.0977402 0 0 0 0 0 0
0.305023 -0.438205 0.0977402 0 0 0 0 0 0
0.296797 -0.438051 0.0977402 0 0 0 0 0 0
0.296358 -0.438042 0.0977402 0 0 0 0 0 0
0.292438 -0.437969 0.0977402 0 0 0 0 0 0
0.292438 -0.437969 0.0977402 0 0 0 0 0 0
0.292445 -0.437611 0.0977402 0 0 0 0 0 0
0.292519 -0.433772 0.0977402 0 0 0 0 0 0
0.292611 -0.428946 0.0977402 0 0 0 0 0 0
0.292681 -0.425269 0.0977402 0 0 0 0 0 0
0.292776 -0.42028 0.0977402 0 0 0 0 0 0
0.292843 -0.416766 0.0977402 0 0 0 0 0 0
0.292942 -0.411615 0.0977402 0 0 0 0 0 0
0.293006 -0.408263 0.0977402 0 0 0 0 0 0
0.293107 -0.402949 0.0977402 0 0 0 0 0 0
0.293168 -0.39976 0.0977402 0 0 0 0 0 0
0.293273 -0.394284 0.0977402 0 0 0 0 0 0
0.293331 -0.391257 0.0977402 0 0 0 0 0 0
0.293438 -0.385618 0.0977402 0 0 0 0 0 0
0.293493 -0.382754 0.0977402 0 0 0 0 0 0
0.293604 -0.376953 0.0977402 0 0 0 0 0 0
0.293655 -0.374251 0.0977402 0 0 0 0 0 0
0.293762 -0.368645 0.0977402 0 0 0 0 0 0
0.293762 -0.368645 0.0977402 0 0 0 0 0 0
0.296358 -0.368694 0.0977402 0 0 0 0 0 0
0.296772 -0.368701 0.0977402 0 0 0 0 0 0
0.305023 -0.368856 0.0977402 0 0 0 0 0 0
0.305603 -0.368867 0.0977402 0 0 0 0 0 0
0.313689 -0.369018 0.0977402 0 0 0 0 0 0
0.314434 -0.369032 0.0977402 0 0 0 0 0 0
0.322354 -0.369181 0.0977402 0 0 0 0 0 0
0.323265 -0.369198 0.0977402 0 0 0 0 0 0
0.33102 -0.369343 0.0977402 0 0 0 0 0 0
0.332096 -0.369363 0.0977402 0 0 0 0 0 0
0.339685 -0.369506 0.0977402 0 0 0 0 0 0
0.340927 -0.369529 0.0977402 0 0 0 0 0 0
0.348351 -0.369668 0.0977402 0 0 0 0 0 0
0.349758 -0.369694 0.0977402 0 0 0 0 0 0
0.357016 -0.36983 0.0977402 0 0 0 0 0 0
0.358589 -0.36986 0.0977402 0 0 0 0 0 0
0.364411 -0.369969 0.0977402 0 0 0 0 0 0
0.364411 -0.369969 0.0977402 0 0 0 0 0 0
0.365682 -0.369996 0.0977402 0 0 0 0 0 0
0.367428 -0.370033 0.0977402 0 0 0 0 0 0
0.374347 -0.370181 0.0977402 0 0 0 0 0 0
0.376283 -0.370223 0.0977402 0 0 0 0 0 0
0.383013 -0.370366 0.0977402 0 0 0 0 0 0
0.385137 -0.370412 0.0977402 0 0 0 0 0 0
0.391678 -0.370552 0.0977402 0 0 0 0 0 0
0.393992 -0.370601 0.0977402 0 0 0 0 0 0
0.400344 -0.370737 0.0977402 0 0 0 0 0 0
0.402847 -0.37079 0.0977402 0 0 0 0 0 0
0.409009 -0.370922 0.0977402 0 0 0 0 0 0
0.411701 -0.370979 0.0977402 0 0 0 0 0 0
0.417675 -0.371107 0.0977402 0 0 0 0 0 0
0.420556 -0.371168 0.0977402 0 0 0 0 0 0
0.42634 -0.371292 0.0977402 0 0 0 0 0 0
0.426394 -0.371293 0.0977402 0 0 0 0 0 0
0.426394 -0.371293 0.0977402 0 0 0 0 0 0
0.429403 -0.37135 0.0977402 0 0 0 0 0 0
0.435006 -0.371455 0.0977402 0 0 0 0 0 0
0.438234 -0.371515 0.0977402 0 0 0 0 0 0
0.443671 -0.371617 0.0977402 0 0 0 0 0 0
0.447065 -0.371681 0.0977402 0 0 0 0 0 0
0.452337 -0.371779 0.0977402 0 0 0 0 0 0
0.455896 -0.371846 0.0977402 0 0 0 0 0 0
0.461002 -0.371942 0.0977402 0 0 0 0 0 0
0.464727 -0.372012 0.0977402 0 0 0 0 0 0
0.469668 -0.372104 0.0977402 0 0 0 0 0 0
0.473558 -0.372177 0.0977402 0 0 0 0 0 0
0.478334 -0.372267 0.0977402 0 0 0 0 0 0
0.482389 -0.372343 0.0977402 0 0 0 0 0 0
0.486999 -0.372429 0.0977402 0 0 0 0 0 0
0.49122 -0.372508 0.0977402 0 0 0 0 0 0
0.495665 -0.372592 0.0977402 0 0 0 0 0 0
0.497042 -0.372617 0.0977402 0 0 0 0 0 0
0.497042 -0.372617 0.0977402 0 0 0 0 0 0
0.500051 -0.372674 0.0977402 0 0 0 0 0 0
0.50433 -0.372754 0.0977402 0 0 0 0 0 0
0.508882 -0.372839 0.0977402 0 0 0 0 0 0
0.512996 -0.372916 0.0977402 0 0 0 0 0 0
0.517713 -0.373005 0.0977402 0 0 0 0 0 0
0.521661 -0.373079 0.0977402 0 0 0 0 0 0
0.526544 -0.37317 0.0977402 0 0 0 0 0 0
0.530327 -0.373241 0.0977402 0 0 0 0 0 0
0.535375 -0.373336 0.0977402 0 0 0 0 0 0
0.538992 -0.373404 0.0977402 0 0 0 0 0 0
0.544206 -0.373501 0.0977402 0 0 0 0 0 0
0.547658 -0.373566 0.0977402 0 0 0 0 0 0
0.553037 -0.373667 0.0977402 0 0 0 0 0 0
0.556323 -0.373728 0.0977402 0 0 0 0 0 0
0.561868 -0.373832 0.0977402 0 0 0 0 0 0
0.564989 -0.373891 0.0977402 0 0 0 0 0 0
0.56769 -0.373941 0.0977402 0 0 0 0 0 0
0.56769 -0.373941 0.0977402 0 0 0 0 0 0
0.570699 -0.373998 0.0977402 0 0 0 0 0 0
0.573654 -0.374053 0.0977402 0 0 0 0 0 0
0.57953 -0.374163 0.0977402 0 0 0 0 0 0
0.58232 -0.374216 0.0977402 0 0 0 0 0 0
0.588361 -0.374329 0.0977402 0 0 0 0 0 0
0.590985 -0.374378 0.0977402 0 0 0 0 0 0
0.597192 -0.374494 0.0977402 0 0 0 0 0 0
0.599651 -0.374541 0.0977402 0 0 0 0 0 0
0.606023 -0.37466 0.0977402 0 0 0 0 0 0
0.608316 -0.374703 0.0977402 0 0 0 0 0 0
0.614854 -0.374825 0.0977402 0 0 0 0 0 0
0.616982 -0.374865 0.0977402 0 0 0 0 0 0
0.623685 -0.374991 0.0977402 0 0 0 0 0 0
0.625647 -0.375028 0.0977402 0 0 0 0 0 0
0.632517 -0.375156 0.0977402 0 0 0 0 0 0
0.634313 -0.37519 0.0977402 0 0 0 0 0 0
0.638338 -0.375266 0.0977402 0 0 0 0 0 0
0.638338 -0.375266 0.0977402 0 0 0 0 0 0
0.641348 -0.375322 0.0977402 0 0 0 0 0 0
0.642978 -0.375353 0.0977402 0 0 0 0 0 0
0.650179 -0.375488 0.0977402 0 0 0 0 0 0
0.651644 -0.375515 0.0977402 0 0 0 0 0 0
0.65901 -0.375653 0.0977402 0 0 0 0 0 0
0.660309 -0.375677 0.0977402 0 0 0 0 0 0
0.667841 -0.375819 0.0977402 0 0 0 0 0 0
0.668975 -0.37584 0.0977402 0 0 0 0 0 0
0.676672 -0.375984 0.0977402 0 0 0 0 0 0
0.67764 -0.376002 0.0977402 0 0 0 0 0 0
0.685503 -0.37615 0.0977402 0 0 0 0 0 0
0.686306 -0.376165 0.0977402 0 0 0 0 0 0
0.694334 -0.376315 0.0977402 0 0 0 0 0 0
0.694971 -0.376327 0.0977402 0 0 0 0 0 0
0.703165 -0.376481 0.0977402 0 0 0 0 0 0
0.703637 -0.376489 0.0977402 0 0 0 0 0 0
0.708987 -0.37659 0.0977402 0 0 0 0 0 0
0.708987 -0.37659 0.0977402 0 0 0 0 0 0
0.709042 -0.373692 0.0977402 0 0 0 0 0 0
0.709145 -0.368287 0.0977402 0 0 0 0 0 0
0.709204 -0.365189 0.0977402 0 0 0 0 0 0
0.709311 -0.359622 0.0977402 0 0 0 0 0 0
0.709367 -0.356686 0.0977402 0 0 0 0 0 0
0.709476 -0.350956 0.0977402 0 0 0 0 0 0
0.709529 -0.348183 0.0977402 0 0 0 0 0 0
0.709642 -0.342291 0.0977402 0 0 0 0 0 0
0.709692 -0.33968 0.0977402 0 0 0 0 0 0
0.709807 -0.333625 0.0977402 0 0 0 0 0 0
0.709854 -0.331177 0.0977402 0 0 0 0 0 0
0.709973 -0.32496 0.0977402 0 0 0 0 0 0
0.710016 -0.322674 0.0977402 0 0 0 0 0 0
0.710138 -0.316294 0.0977402 0 0 0 0 0 0
0.710179 -0.314171 0.0977402 0 0 0 0 0 0
0.710304 -0.307629 0.0977402 0 0 0 0 0 0
0.710311 -0.307266 0.0977402 0 0 0 0 0 0
0.710311 -0.307266 0.0977402 0 0 0 0 0 0
0.703637 -0.307141 0.0977402 0 0 0 0 0 0
0.703139 -0.307131 0.0977402 0 0 0 0 0 0
0.694971 -0.306978 0.0977402 0 0 0 0 0 0
0.694308 -0.306966 0.0977402 0 0 0 0 0 0
0.686306 -0.306816 0.0977402 0 0 0 0 0 0
0.685477 -0.3068 0.0977402 0 0 0 0 0 0
0.67764 -0.306653 0.0977402 0 0 0 0 0 0
0.676646 -0.306635 0.0977402 0 0 0 0 0 0
0.668975 -0.306491 0.0977402 0 0 0 0 0 0
0.667815 -0.306469 0.0977402 0 0 0 0 0 0
0.660309 -0.306328 0.0977402 0 0 0 0 0 0
0.658984 -0.306304 0.0977402 0 0 0 0 0 0
0.651644 -0.306166 0.0977402 0 0 0 0 0 0
0.650153 -0.306138 0.0977402 0 0 0 0 0 0
0.642978 -0.306004 0.0977402 0 0 0 0 0 0
0.641322 -0.305973 0.0977402 0 0 0 0 0 0
0.639663 -0.305941 0.0977402 0 0 0 0 0 0
0.639663 -0.305941 0.0977402 0 0 0 0 0 0
0.634313 -0.305841 0.0977402 0 0 0 0 0 0
0.632491 -0.305807 0.0977402 0 0 0 0 0 0
0.625647 -0.305679 0.0977402 0 0 0 0 0 0
0.62366 -0.305642 0.0977402 0 0 0 0 0 0
0.616982 -0.305516 0.0977402 0 0 0 0 0 0
0.614829 -0.305476 0.0977402 0 0 0 0 0 0
0.608316 -0.305354 0.0977402 0 0 0 0 0 0
0.605998 -0.305311 0.0977402 0 0 0 0 0 0
0.599651 -0.305192 0.0977402 0 0 0 0 0 0
0.597167 -0.305145 0.0977402 0 0 0 0 0 0
0.590985 -0.305029 0.0977402 0 0 0 0 0 0
0.588336 -0.304979 0.0977402 0 0 0 0 0 0
0.58232 -0.304867 0.0977402 0 0 0 0 0 0
0.579505 -0.304814 0.0977402 0 0 0 0 0 0
0.573654 -0.304704 0.0977402 0 0 0 0 0 0
0.570674 -0.304648 0.0977402 0 0 0 0 0 0
0.569014 -0.304617 0.0977402 0 0 0 0 0 0
0.569014 -0.304617 0.0977402 0 0 0 0 0 0
0.564989 -0.304542 0.0977402 0 0 0 0 0 0
0.561843 -0.304483 0.0977402 0 0 0 0 0 0
0.556323 -0.304379 0.0977402 0 0 0 0 0 0
0.553012 -0.304317 0.0977402 0 0 0 0 0 0
0.547658 -0.304217 0.0977402 0 0 0 0 0 0
0.544181 -0.304152 0.0977402 0 0 0 0 0 0
0.538992 -0.304055 0.0977402 0 0 0 0 0 0
0.53535 -0.303986 0.0977402 0 0 0 0 0 0
0.530327 -0.303892 0.0977402 0 0 0 0 0 0
0.526519 -0.303821 0.0977402 0 0 0 0 0 0
0.521661 -0.30373 0.0977402 0 0 0 0 0 0
0.517688 -0.303655 0.0977402 0 0 0 0 0 0
0.512996 -0.303567 0.0977402 0 0 0 0 0 0
0.508857 -0.30349 0.0977402 0 0 0 0 0 0
0.50433 -0.303405 0.0977402 0 0 0 0 0 0
0.500026 -0.303324 0.0977402 0 0 0 0 0 0
0.498366 -0.303293 0.0977402 0 0 0 0 0 0
0.498366 -0.303293 0.0977402 0 0 0 0 0 0
0.495665 -0.303243 0.0977402 0 0 0 0 0 0
0.491195 -0.303159 0.0977402 0 0 0 0 0 0
0.486999 -0.30308 0.0977402 0 0 0 0 0 0
0.482364 -0.302993 0.0977402 0 0 0 0 0 0
0.478334 -0.302918 0.0977402 0 0 0 0 0 0
0.473533 -0.302828 0.0977402 0 0 0 0 0 0
0.469668 -0.302755 0.0977402 0 0 0 0 0 0
0.464702 -0.302662 0.0977402 0 0 0 0 0 0
0.461002 -0.302593 0.0977402 0 0 0 0 0 0
0.455871 -0.302497 0.0977402 0 0 0 0 0 0
0.452337 -0.30243 0.0977402 0 0 0 0 0 0
0.44704 -0.302331 0.0977402 0 0 0 0 0 0
0.443671 -0.302268 0.0977402 0 0 0 0 0 0
0.438208 -0.302166 0.0977402 0 0 0 0 0 0
0.435006 -0.302106 0.0977402 0 0 0 0 0 0
0.429377 -0.302 0.0977402 0 0 0 0 0 0
0.427718 -0.301969 0.0977402 0 0 0 0 0 0
0.427718 -0.301969 0.0977402 0 0 0 0 0 0
0.42634 -0.301943 0.0977402 0 0 0 0 0 0
0.420546 -0.301835 0.0977402 0 0 0 0 0 0
0.417675 -0.301781 0.0977402 0 0 0 0 0 0
0.411715 -0.301669 0.0977402 0 0 0 0 0 0
0.409009 -0.301618 0.0977402 0 0 0 0 0 0
0.402884 -0.301504 0.0977402 0 0 0 0 0 0
0.400344 -0.301456 0.0977402 0 0 0 0 0 0
0.394053 -0.301338 0.0977402 0 0 0 0 0 0
0.391678 -0.301294 0.0977402 0 0 0 0 0 0
0.385222 -0.301173 0.0977402 0 0 0 0 0 0
0.383013 -0.301131 0.0977402 0 0 0 0 0 0
0.376391 -0.301007 0.0977402 0 0 0 0 0 0
0.374347 -0.300969 0.0977402 0 0 0 0 0 0
0.36756 -0.300842 0.0977402 0 0 0 0 0 0
0.365682 -0.300806 0.0977402 0 0 0 0 0 0
0.358729 -0.300676 0.0977402 0 0 0 0 0 0
0.357069 -0.300645 0.0977402 0 0 0 0 0 0
0.357069 -0.300645 0.0977402 0 0 0 0 0 0
0.357016 -0.300644 0.0977402 0 0 0 0 0 0
0.349879 -0.300491 0.0977402 0 0 0 0 0 0
0.348351 -0.300459 0.0977402 0 0 0 0 0 0
0.341024 -0.300302 0.0977402 0 0 0 0 0 0
0.339685 -0.300274 0.0977402 0 0 0 0 0 0
0.33217 -0.300113 0.0977402 0 0 0 0 0 0
0.33102 -0.300088 0.0977402 0 0 0 0 0 0
0.323315 -0.299924 0.0977402 0 0 0 0 0 0
0.322354 -0.299903 0.0977402 0 0 0 0 0 0
0.31446 -0.299735 0.0977402 0 0 0 0 0 0
0.313689 -0.299718 0.0977402 0 0 0 0 0 0
0.305606 -0.299545 0.0977402 0 0 0 0 0 0
0.305023 -0.299533 0.0977402 0 0 0 0 0 0
0.296751 -0.299356 0.0977402 0 0 0 0 0 0
0.296358 -0.299348 0.0977402 0 0 0 0 0 0
0.295087 -0.299321 0.0977402 0 0 0 0 0 0
0.295087 -0.299321 0.0977402 0 0 0 0 0 0
0.295049 -0.298963 0.0977402 0 0 0 0 0 0
0.294894 -0.297499 0.0977402 0 0 0 0 0 0
0.294131 -0.290298 0.0977402 0 0 0 0 0 0
0.293867 -0.287807 0.0977402 0 0 0 0 0 0
0.293213 -0.281632 0.0977402 0 0 0 0 0 0
0.292841 -0.278115 0.0977402 0 0 0 0 0 0
0.292296 -0.272967 0.0977402 0 0 0 0 0 0
0.291815 -0.268424 0.0977402 0 0 0 0 0 0
0.291378 -0.264301 0.0977402 0 0 0 0 0 0
0.290788 -0.258732 0.0977402 0 0 0 0 0 0
0.29046 -0.255636 0.0977402 0 0 0 0 0 0
0.289762 -0.24904 0.0977402 0 0 0 0 0 0
0.289543 -0.24697 0.0977402 0 0 0 0 0 0
0.288736 -0.239348 0.0977402 0 0 0 0 0 0
0.288625 -0.238305 0.0977402 0 0 0 0 0 0
0.287745 -0.229997 0.0977402 0 0 0 0 0 0
0.287745 -0.229997 0.0977402 0 0 0 0 0 0
0.288056 -0.230002 0.0977402 0 0 0 0 0 0
0.296358 -0.230158 0.0977402 0 0 0 0 0 0
0.296887 -0.230168 0.0977402 0 0 0 0 0 0
0.305023 -0.23032 0.0977402 0 0 0 0 0 0
0.305718 -0.230333 0.0977402 0 0 0 0 0 0
0.313689 -0.230483 0.0977402 0 0 0 0 0 0
0.314549 -0.230499 0.0977402 0 0 0 0 0 0
0.322354 -0.230645 0.0977402 0 0 0 0 0 0
0.32338 -0.230665 0.0977402 0 0 0 0 0 0
0.33102 -0.230808 0.0977402 0 0 0 0 0 0
0.332211 -0.23083 0.0977402 0 0 0 0 0 0
0.339685 -0.23097 0.0977402 0 0 0 0 0 0
0.341042 -0.230996 0.0977402 0 0 0 0 0 0
0.348351 -0.231133 0.0977402 0 0 0 0 0 0
0.349873 -0.231161 0.0977402 0 0 0 0 0 0
0.357016 -0.231295 0.0977402 0 0 0 0 0 0
0.358394 -0.231321 0.0977402 0 0 0 0 0 0
0.358394 -0.231321 0.0977402 0 0 0 0 0 0
0.358704 -0.231327 0.0977402 0 0 0 0 0 0
0.365682 -0.231457 0.0977402 0 0 0 0 0 0
0.367535 -0.231492 0.0977402 0 0 0 0 0 0
0.374347 -0.23162 0.0977402 0 0 0 0 0 0
0.376366 -0.231658 0.0977402 0 0 0 0 0 0
0.383013 -0.231782 0.0977402 0 0 0 0 0 0
0.385197 -0.231823 0.0977402 0 0 0 0 0 0
0.391678 -0.231945 0.0977402 0 0 0 0 0 0
0.394028 -0.231989 0.0977402 0 0 0 0 0 0
0.400344 -0.232107 0.0977402 0 0 0 0 0 0
0.402859 -0.232154 0.0977402 0 0 0 0 0 0
0.409009 -0.232269 0.0977402 0 0 0 0 0 0
0.41169 -0.23232 0.0977402 0 0 0 0 0 0
0.417675 -0.232432 0.0977402 0 0 0 0 0 0
0.420521 -0.232485 0.0977402 0 0 0 0 0 0
0.42634 -0.232594 0.0977402 0 0 0 0 0 0
0.429042 -0.232645 0.0977402 0 0 0 0 0 0
0.429042 -0.232645 0.0977402 0 0 0 0 0 0
0.429352 -0.232651 0.0977402 0 0 0 0 0 0
0.435006 -0.232757 0.0977402 0 0 0 0 0 0
0.438183 -0.232816 0.0977402 0 0 0 0 0 0
0.443671 -0.232919 0.0977402 0 0 0 0 0 0
0.447014 -0.232982 0.0977402 0 0 0 0 0 0
0.452337 -0.233082 0.0977402 0 0 0 0 0 0
0.455845 -0.233147 0.0977402 0 0 0 0 0 0
0.461002 -0.233244 0.0977402 0 0 0 0 0 0
0.464676 -0.233313 0.0977402 0 0 0 0 0 0
0.469668 -0.233406 0.0977402 0 0 0 0 0 0
0.473507 -0.233478 0.0977402 0 0 0 0 0 0
0.478334 -0.233569 0.0977402 0 0 0 0 0 0
0.482338 -0.233644 0.0977402 0 0 0 0 0 0
0.486999 -0.233731 0.0977402 0 0 0 0 0 0
0.491169 -0.233809 0.0977402 0 0 0 0 0 0
0.495665 -0.233894 0.0977402 0 0 0 0 0 0
0.49969 -0.233969 0.0977402 0 0 0 0 0 0
0.49969 -0.233969 0.0977402 0 0 0 0 0 0
0.5 -0.233975 0.0977402 0 0 0 0 0 0
0.50433 -0.234056 0.0977402 0 0 0 0 0 0
0.508832 -0.23414 0.0977402 0 0 0 0 0 0
0.512996 -0.234218 0.0977402 0 0 0 0 0 0
0.517663 -0.234306 0.0977402 0 0 0 0 0 0
0.521661 -0.234381 0.0977402 0 0 0 0 0 0
0.526494 -0.234471 0.0977402 0 0 0 0 0 0
0.530327 -0.234543 0.0977402 0 0 0 0 0 0
0.535325 -0.234637 0.0977402 0 0 0 0 0 0
0.538992 -0.234706 0.0977402 0 0 0 0 0 0
0.544156 -0.234802 0.0977402 0 0 0 0 0 0
0.547658 -0.234868 0.0977402 0 0 0 0 0 0
0.552987 -0.234968 0.0977402 0 0 0 0 0 0
0.556323 -0.235031 0.0977402 0 0 0 0 0 0
0.561818 -0.235134 0.0977402 0 0 0 0 0 0
0.564989 -0.235193 0.0977402 0 0 0 0 0 0
0.570338 -0.235293 0.0977402 0 0 0 0 0 0
0.570338 -0.235293 0.0977402 0 0 0 0 0 0
0.570649 -0.235299 0.0977402 0 0 0 0 0 0
0.573654 -0.235355 0.0977402 0 0 0 0 0 0
0.57948 -0.235465 0.0977402 0 0 0 0 0 0
0.58232 -0.235518 0.0977402 0 0 0 0 0 0
0.588311 -0.23563 0.0977402 0 0 0 0 0 0
0.590985 -0.23568 0.0977402 0 0 0 0 0 0
0.597142 -0.235796 0.0977402 0 0 0 0 0 0
0.599651 -0.235843 0.0977402 0 0 0 0 0 0
0.605973 -0.235961 0.0977402 0 0 0 0 0 0
0.608316 -0.236005 0.0977402 0 0 0 0 0 0
0.614804 -0.236127 0.0977402 0 0 0 0 0 0
0.616982 -0.236167 0.0977402 0 0 0 0 0 0
0.623635 -0.236292 0.0977402 0 0 0 0 0 0
0.625647 -0.23633 0.0977402 0 0 0 0 0 0
0.632466 -0.236458 0.0977402 0 0 0 0 0 0
0.634313 -0.236492 0.0977402 0 0 0 0 0 0
0.640987 -0.236617 0.0977402 0 0 0 0 0 0
0.640987 -0.236617 0.0977402 0 0 0 0 0 0
0.641297 -0.236623 0.0977402 0 0 0 0 0 0
0.642978 -0.236655 0.0977402 0 0 0 0 0 0
0.650128 -0.236789 0.0977402 0 0 0 0 0 0
0.651644 -0.236817 0.0977402 0 0 0 0 0 0
0.658959 -0.236954 0.0977402 0 0 0 0 0 0
0.660309 -0.236979 0.0977402 0 0 0 0 0 0
0.66779 -0.23712 0.0977402 0 0 0 0 0 0
0.668975 -0.237142 0.0977402 0 0 0 0 0 0
0.676621 -0.237285 0.0977402 0 0 0 0 0 0
0.67764 -0.237304 0.0977402 0 0 0 0 0 0
0.685452 -0.237451 0.0977402 0 0 0 0 0 0
0.686306 -0.237467 0.0977402 0 0 0 0 0 0
0.694283 -0.237616 0.0977402 0 0 0 0 0 0
0.694971 -0.237629 0.0977402 0 0 0 0 0 0
0.703114 -0.237782 0.0977402 0 0 0 0 0 0
0.703637 -0.237792 0.0977402 0 0 0 0 0 0
0.711635 -0.237941 0.0977402 0 0 0 0 0 0
0.711635 -0.237941 0.0977402 0 0 0 0 0 0
0.711593 -0.237595 0.0977402 0 0 0 0 0 0
0.71063 -0.229639 0.0977402 0 0 0 0 0 0
0.7104 -0.227736 0.0977402 0 0 0 0 0 0
0.709581 -0.220973 0.0977402 0 0 0 0 0 0
0.709207 -0.217878 0.0977402 0 0 0 0 0 0
0.708533 -0.212308 0.0977402 0 0 0 0 0 0
0.708013 -0.208019 0.0977402 0 0 0 0 0 0
0.707484 -0.203642 0.0977402 0 0 0 0 0 0
0.70682 -0.19816 0.0977402 0 0 0 0 0 0
0.706435 -0.194977 0.0977402 0 0 0 0 0 0
0.705627 -0.188302 0.0977402 0 0 0 0 0 0
0.705386 -0.186311 0.0977402 0 0 0 0 0 0
0.704434 -0.178443 0.0977402 0 0 0 0 0 0
0.704337 -0.177646 0.0977402 0 0 0 0 0 0
0.704294 -0.177283 0.0977402 0 0 0 0 0 0
0.704294 -0.177283 0.0977402 0 0 0 0 0 0
0.703637 -0.177269 0.0977402 0 0 0 0 0 0
0.703252 -0.177261 0.0977402 0 0 0 0 0 0
0.694971 -0.177084 0.0977402 0 0 0 0 0 0
0.694397 -0.177071 0.0977402 0 0 0 0 0 0
0.686306 -0.176899 0.0977402 0 0 0 0 0 0
0.685542 -0.176882 0.0977402 0 0 0 0 0 0
0.67764 -0.176713 0.0977402 0 0 0 0 0 0
0.676688 -0.176693 0.0977402 0 0 0 0 0 0
0.668975 -0.176528 0.0977402 0 0 0 0 0 0
0.667833 -0.176504 0.0977402 0 0 0 0 0 0
0.660309 -0.176343 0.0977402 0 0 0 0 0 0
0.658978 -0.176315 0.0977402 0 0 0 0 0 0
0.651644 -0.176158 0.0977402 0 0 0 0 0 0
0.650124 -0.176126 0.0977402 0 0 0 0 0 0
0.642978 -0.175973 0.0977402 0 0 0 0 0 0
0.642311 -0.175959 0.0977402 0 0 0 0 0 0
0.642311 -0.175959 0.0977402 0 0 0 0 0 0
0.641272 -0.175939 0.0977402 0 0 0 0 0 0
0.634313 -0.175809 0.0977402 0 0 0 0 0 0
0.632441 -0.175774 0.0977402 0 0 0 0 0 0
0.625647 -0.175646 0.0977402 0 0 0 0 0 0
0.62361 -0.175608 0.0977402 0 0 0 0 0 0
0.616982 -0.175484 0.0977402 0 0 0 0 0 0
0.614779 -0.175443 0.0977402 0 0 0 0 0 0
0.608316 -0.175322 0.0977402 0 0 0 0 0 0
0.605948 -0.175277 0.0977402 0 0 0 0 0 0
0.599651 -0.175159 0.0977402 0 0 0 0 0 0
0.597117 -0.175112 0.0977402 0 0 0 0 0 0
0.590985 -0.174997 0.0977402 0 0 0 0 0 0
0.588285 -0.174946 0.0977402 0 0 0 0 0 0
0.58232 -0.174834 0.0977402 0 0 0 0 0 0
0.579454 -0.174781 0.0977402 0 0 0 0 0 0
0.573654 -0.174672 0.0977402 0 0 0 0 0 0
0.571663 -0.174635 0.0977402 0 0 0 0 0 0
0.571663 -0.174635 0.0977402 0 0 0 0 0 0
0.570623 -0.174615 0.0977402 0 0 0 0 0 0
0.564989 -0.17451 0.0977402 0 0 0 0 0 0
0.561792 -0.17445 0.0977402 0 0 0 0 0 0
0.556323 -0.174347 0.0977402 0 0 0 0 0 0
0.552961 -0.174284 0.0977402 0 0 0 0 0 0
0.547658 -0.174185 0.0977402 0 0 0 0 0 0
0.54413 -0.174119 0.0977402 0 0 0 0 0 0
0.538992 -0.174022 0.0977402 0 0 0 0 0 0
0.535299 -0.173953 0.0977402 0 0 0 0 0 0
0.530327 -0.17386 0.0977402 0 0 0 0 0 0
0.526468 -0.173788 0.0977402 0 0 0 0 0 0
0.521661 -0.173697 0.0977402 0 0 0 0 0 0
0.517637 -0.173622 0.0977402 0 0 0 0 0 0
0.512996 -0.173535 0.0977402 0 0 0 0 0 0
0.508806 -0.173456 0.0977402 0 0 0 0 0 0
0.50433 -0.173373 0.0977402 0 0 0 0 0 0
0.501014 -0.17331 0.0977402 0 0 0 0 0 0
0.501014 -0.17331 0.0977402 0 0 0 0 0 0
0.499975 -0.173291 0.0977402 0 0 0 0 0 0
0.495665 -0.17321 0.0977402 0 0 0 0 0 0
0.491144 -0.173125 0.0977402 0 0 0 0 0 0
0.486999 -0.173048 0.0977402 0 0 0 0 0 0
0.482313 -0.17296 0.0977402 0 0 0 0 0 0
0.478334 -0.172885 0.0977402 0 0 0 0 0 0
0.473482 -0.172794 0.0977402 0 0 0 0 0 0
0.469668 -0.172723 0.0977402 0 0 0 0 0 0
0.464651 -0.172629 0.0977402 0 0 0 0 0 0
0.461002 -0.172561 0.0977402 0 0 0 0 0 0
0.45582 -0.172463 0.0977402 0 0 0 0 0 0
0.452337 -0.172398 0.0977402 0 0 0 0 0 0
0.446989 -0.172298 0.0977402 0 0 0 0 0 0
0.443671 -0.172236 0.0977402 0 0 0 0 0 0
0.438158 -0.172132 0.0977402 0 0 0 0 0 0
0.435006 -0.172073 0.0977402 0 0 0 0 0 0
0.430366 -0.171986 0.0977402 0 0 0 0 0 0
0.430366 -0.171986 0.0977402 0 0 0 0 0 0
0.429327 -0.171967 0.0977402 0 0 0 0 0 0
0.42634 -0.171911 0.0977402 0 0 0 0 0 0
0.420496 -0.171801 0.0977402 0 0 0 0 0 0
0.417675 -0.171748 0.0977402 0 0 0 0 0 0
0.411665 -0.171636 0.0977402 0 0 0 0 0 0
0.409009 -0.171586 0.0977402 0 0 0 0 0 0
0.402834 -0.17147 0.0977402 0 0 0 0 0 0
0.400344 -0.171424 0.0977402 0 0 0 0 0 0
0.394003 -0.171305 0.0977402 0 0 0 0 0 0
0.391678 -0.171261 0.0977402 0 0 0 0 0 0
0.385172 -0.171139 0.0977402 0 0 0 0 0 0
0.383013 -0.171099 0.0977402 0 0 0 0 0 0
0.376341 -0.170974 0.0977402 0 0 0 0 0 0
0.374347 -0.170936 0.0977402 0 0 0 0 0 0
0.36751 -0.170808 0.0977402 0 0 0 0 0 0
0.365682 -0.170774 0.0977402 0 0 0 0 0 0
0.359718 -0.170662 0.0977402 0 0 0 0 0 0
0.359718 -0.170662 0.0977402 0 0 0 0 0 0
0.358679 -0.170643 0.0977402 0 0 0 0 0 0
0.357016 -0.170612 0.0977402 0 0 0 0 0 0
0.349848 -0.170477 0.0977402 0 0 0 0 0 0
0.348351 -0.170449 0.0977402 0 0 0 0 0 0
0.341017 -0.170312 0.0977402 0 0 0 0 0 0
0.339685 -0.170287 0.0977402 0 0 0 0 0 0
0.332185 -0.170146 0.0977402 0 0 0 0 0 0
0.33102 -0.170124 0.0977402 0 0 0 0 0 0
0.323354 -0.169981 0.0977402 0 0 0 0 0 0
0.322354 -0.169962 0.0977402 0 0 0 0 0 0
0.314523 -0.169815 0.0977402 0 0 0 0 0 0
0.313689 -0.169799 0.0977402 0 0 0 0 0 0
0.305692 -0.16965 0.0977402 0 0 0 0 0 0
0.305023 -0.169637 0.0977402 0 0 0 0 0 0
0.296861 -0.169484 0.0977402 0 0 0 0 0 0
0.296358 -0.169475 0.0977402 0 0 0 0 0 0
0.289069 -0.169338 0.0977402 0 0 0 0 0 0
0.289069 -0.169338 0.0977402 0 0 0 0 0 0
0.289076 -0.16898 0.0977402 0 0 0 0 0 0
0.289213 -0.161835 0.0977402 0 0 0 0 0 0
0.289242 -0.160315 0.0977402 0 0 0 0 0 0
0.289375 -0.153332 0.0977402 0 0 0 0 0 0
0.289407 -0.151649 0.0977402 0 0 0 0 0 0
0.289538 -0.144829 0.0977402 0 0 0 0 0 0
0.289573 -0.142984 0.0977402 0 0 0 0 0 0
0.2897 -0.136326 0.0977402 0 0 0 0 0 0
0.289738 -0.134318 0.0977402 0 0 0 0 0 0
0.289862 -0.127823 0.0977402 0 0 0 0 0 0
0.289904 -0.125653 0.0977402 0 0 0 0 0 0
0.290025 -0.11932 0.0977402 0 0 0 0 0 0
0.290069 -0.116987 0.0977402 0 0 0 0 0 0
0.290187 -0.110817 0.0977402 0 0 0 0 0 0
0.290235 -0.108322 0.0977402 0 0 0 0 0 0
0.29035 -0.102314 0.0977402 0 0 0 0 0 0
0.290394 -0.100014 0.0977402 0 0 0 0 0 0
0.290394 -0.100014 0.0977402 0 0 0 0 0 0
0.296358 -0.100126 0.0977402 0 0 0 0 0 0
0.296836 -0.100135 0.0977402 0 0 0 0 0 0
0.305023 -0.100288 0.0977402 0 0 0 0 0 0
0.305667 -0.1003 0.0977402 0 0 0 0 0 0
0.313689 -0.10045 0.0977402 0 0 0 0 0 0
0.314498 -0.100466 0.0977402 0 0 0 0 0 0
0.322354 -0.100613 0.0977402 0 0 0 0 0 0
0.323329 -0.100631 0.0977402 0 0 0 0 0 0
0.33102 -0.100775 0.0977402 0 0 0 0 0 0
0.33216 -0.100797 0.0977402 0 0 0 0 0 0
0.339685 -0.100938 0.0977402 0 0 0 0 0 0
0.340991 -0.100962 0.0977402 0 0 0 0 0 0
0.348351 -0.1011 0.0977402 0 0 0 0 0 0
0.349822 -0.101128 0.0977402 0 0 0 0 0 0
0.357016 -0.101263 0.0977402 0 0 0 0 0 0
0.358653 -0.101293 0.0977402 0 0 0 0 0 0
0.361042 -0.101338 0.0977402 0 0 0 0 0 0
0.361042 -0.101338 0.0977402 0 0 0 0 0 0
0.365682 -0.101425 0.0977402 0 0 0 0 0 0
0.367484 -0.101459 0.0977402 0 0 0 0 0 0
0.374347 -0.101587 0.0977402 0 0 0 0 0 0
0.376315 -0.101624 0.0977402 0 0 0 0 0 0
0.383013 -0.10175 0.0977402 0 0 0 0 0 0
0.385146 -0.10179 0.0977402 0 0 0 0 0 0
0.391678 -0.101912 0.0977402 0 0 0 0 0 0
0.393977 -0.101955 0.0977402 0 0 0 0 0 0
0.400344 -0.102075 0.0977402 0 0 0 0 0 0
0.402808 -0.102121 0.0977402 0 0 0 0 0 0
0.409009 -0.102237 0.0977402 0 0 0 0 0 0
0.411639 -0.102286 0.0977402 0 0 0 0 0 0
0.417675 -0.102399 0.0977402 0 0 0 0 0 0
0.420471 -0.102452 0.0977402 0 0 0 0 0 0
0.42634 -0.102562 0.0977402 0 0 0 0 0 0
0.429302 -0.102617 0.0977402 0 0 0 0 0 0
0.43169 -0.102662 0.0977402 0 0 0 0 0 0
0.43169 -0.102662 0.0977402 0 0 0 0 0 0
0.435006 -0.102724 0.0977402 0 0 0 0 0 0
0.438133 -0.102783 0.0977402 0 0 0 0 0 0
0.443671 -0.102887 0.0977402 0 0 0 0 0 0
0.446964 -0.102948 0.0977402 0 0 0 0 0 0
0.452337 -0.103049 0.0977402 0 0 0 0 0 0
0.455795 -0.103114 0.0977402 0 0 0 0 0 0
0.461002 -0.103212 0.0977402 0 0 0 0 0 0
0.464626 -0.103279 0.0977402 0 0 0 0 0 0
0.469668 -0.103374 0.0977402 0 0 0 0 0 0
0.473457 -0.103445 0.0977402 0 0 0 0 0 0
0.478334 -0.103536 0.0977402 0 0 0 0 0 0
0.482288 -0.103611 0.0977402 0 0 0 0 0 0
0.486999 -0.103699 0.0977402 0 0 0 0 0 0
0.491119 -0.103776 0.0977402 0 0 0 0 0 0
0.495665 -0.103861 0.0977402 0 0 0 0 0 0
0.49995 -0.103942 0.0977402 0 0 0 0 0 0
0.502338 -0.103986 0.0977402 0 0 0 0 0 0
0.502338 -0.103986 0.0977402 0 0 0 0 0 0
0.50433 -0.104024 0.0977402 0 0 0 0 0 0
0.508781 -0.104107 0.0977402 0 0 0 0 0 0
0.512996 -0.104186 0.0977402 0 0 0 0 0 0
0.517612 -0.104273 0.0977402 0 0 0 0 0 0
0.521661 -0.104348 0.0977402 0 0 0 0 0 0
0.526443 -0.104438 0.0977402 0 0 0 0 0 0
0.530327 -0.104511 0.0977402 0 0 0 0 0 0
0.535274 -0.104604 0.0977402 0 0 0 0 0 0
0.538992 -0.104673 0.0977402 0 0 0 0 0 0
0.544105 -0.104769 0.0977402 0 0 0 0 0 0
0.547658 -0.104836 0.0977402 0 0 0 0 0 0
0.552936 -0.104935 0.0977402 0 0 0 0 0 0
0.556323 -0.104998 0.0977402 0 0 0 0 0 0
0.561767 -0.1051 0.0977402 0 0 0 0 0 0
0.564989 -0.105161 0.0977402 0 0 0 0 0 0
0.570598 -0.105266 0.0977402 0 0 0 0 0 0
0.572987 -0.10531 0.0977402 0 0 0 0 0 0
0.572987 -0.10531 0.0977402 0 0 0 0 0 0
0.573654 -0.105325 0.0977402 0 0 0 0 0 0
0.579446 -0.105448 0.0977402 0 0 0 0 0 0
0.58232 -0.10551 0.0977402 0 0 0 0 0 0
0.588301 -0.105638 0.0977402 0 0 0 0 0 0
0.590985 -0.105695 0.0977402 0 0 0 0 0 0
0.597156 -0.105827 0.0977402 0 0 0 0 0 0
0.599651 -0.10588 0.0977402 0 0 0 0 0 0
0.60601 -0.106016 0.0977402 0 0 0 0 0 0
0.608316 -0.106065 0.0977402 0 0 0 0 0 0
0.614865 -0.106205 0.0977402 0 0 0 0 0 0
0.616982 -0.10625 0.0977402 0 0 0 0 0 0
0.62372 -0.106394 0.0977402 0 0 0 0 0 0
0.625647 -0.106435 0.0977402 0 0 0 0 0 0
0.632574 -0.106583 0.0977402 0 0 0 0 0 0
0.634313 -0.106621 0.0977402 0 0 0 0 0 0
0.634969 -0.106635 0.0977402 0 0 0 0 0 0
0.634969 -0.106635 0.0977402 0 0 0 0 0 0
0.641412 -0.106755 0.0977402 0 0 0 0 0 0
0.642978 -0.106785 0.0977402 0 0 0 0 0 0
0.650243 -0.106921 0.0977402 0 0 0 0 0 0
0.651644 -0.106947 0.0977402 0 0 0 0 0 0
0.659074 -0.107086 0.0977402 0 0 0 0 0 0
0.660309 -0.10711 0.0977402 0 0 0 0 0 0
0.667905 -0.107252 0.0977402 0 0 0 0 0 0
0.668975 -0.107272 0.0977402 0 0 0 0 0 0
0.676736 -0.107417 0.0977402 0 0 0 0 0 0
0.67764 -0.107434 0.0977402 0 0 0 0 0 0
0.685567 -0.107583 0.0977402 0 0 0 0 0 0
0.686306 -0.107597 0.0977402 0 0 0 0 0 0
0.694398 -0.107748 0.0977402 0 0 0 0 0 0
0.694971 -0.107759 0.0977402 0 0 0 0 0 0
0.703229 -0.107914 0.0977402 0 0 0 0 0 0
0.703637 -0.107922 0.0977402 0 0 0 0 0 0
0.705618 -0.107959 0.0977402 0 0 0 0 0 0
0.705618 -0.107959 0.0977402 0 0 0 0 0 0
0.705736 -0.101755 0.0977402 0 0 0 0 0 0
0.705776 -0.0996563 0.0977402 0 0 0 0 0 0
0.705899 -0.0932523 0.0977402 0 0 0 0 0 0
0.705942 -0.0909907 0.0977402 0 0 0 0 0 0
0.706061 -0.0847492 0.0977402 0 0 0 0 0 0
0.706107 -0.0823252 0.0977402 0 0 0 0 0 0
0.706223 -0.0762461 0.0977402 0 0 0 0 0 0
0.706273 -0.0736597 0.0977402 0 0 0 0 0 0
0.706386 -0.067743 0.0977402 0 0 0 0 0 0
0.706438 -0.0649942 0.0977402 0 0 0 0 0 0
0.706548 -0.0592399 0.0977402 0 0 0 0 0 0
0.706604 -0.0563287 0.0977402 0 0 0 0 0 0
0.706711 -0.0507368 0.0977402 0 0 0 0 0 0
0.706769 -0.0476632 0.0977402 0 0 0 0 0 0
0.706873 -0.0422337 0.0977402 0 0 0 0 0 0
0.706935 -0.0389977 0.0977402 0 0 0 0 0 0
0.706942 -0.0386346 0.0977402 0 0 0 0 0 0
0.706942 -0.0386346 0.0977402 0 0 0 0 0 0
0.703637 -0.0385727 0.0977402 0 0 0 0 0 0
0.703204 -0.0385645 0.0977402 0 0 0 0 0 0
0.694971 -0.0384102 0.0977402 0 0 0 0 0 0
0.694373 -0.038399 0.0977402 0 0 0 0 0 0
0.686306 -0.0382478 0.0977402 0 0 0 0 0 0
0.685542 -0.0382335 0.0977402 0 0 0 0 0 0
0.67764 -0.0380854 0.0977402 0 0 0 0 0 0
0.676711 -0.038068 0.0977402 0 0 0 0 0 0
0.668975 -0.037923 0.0977402 0 0 0 0 0 0
0.66788 -0.0379025 0.0977402 0 0 0 0 0 0
0.660309 -0.0377606 0.0977402 0 0 0 0 0 0
0.659049 -0.037737 0.0977402 0 0 0 0 0 0
0.651644 -0.0375982 0.0977402 0 0 0 0 0 0
0.650218 -0.0375714 0.0977402 0 0 0 0 0 0
0.642978 -0.0374358 0.0977402 0 0 0 0 0 0
0.641387 -0.0374059 0.0977402 0 0 0 0 0 0
0.636294 -0.0373105 0.0977402 0 0 0 0 0 0
0.636294 -0.0373105 0.0977402 0 0 0 0 0 0
0.634313 -0.0372733 0.0977402 0 0 0 0 0 0
0.632556 -0.0372404 0.0977402 0 0 0 0 0 0
0.625647 -0.0371109 0.0977402 0 0 0 0 0 0
0.623725 -0.0370749 0.0977402 0 0 0 0 0 0
0.616982 -0.0369485 0.0977402 0 0 0 0 0 0
0.614894 -0.0369094 0.0977402 0 0 0 0 0 0
0.608316 -0.0367861 0.0977402 0 0 0 0 0 0
0.606063 -0.0367438 0.0977402 0 0 0 0 0 0
0.599651 -0.0366237 0.0977402 0 0 0 0 0 0
0.597231 -0.0365783 0.0977402 0 0 0 0 0 0
0.590985 -0.0364613 0.0977402 0 0 0 0 0 0
0.5884 -0.0364128 0.0977402 0 0 0 0 0 0
0.58232 -0.0362988 0.0977402 0 0 0 0 0 0
0.579569 -0.0362473 0.0977402 0 0 0 0 0 0
0.573654 -0.0361364 0.0977402 0 0 0 0 0 0
0.570738 -0.0360818 0.0977402 0 0 0 0 0 0
0.565645 -0.0359863 0.0977402 0 0 0 0 0 0
0.565645 -0.0359863 0.0977402 0 0 0 0 0 0
0.564989 -0.0359723 0.0977402 0 0 0 0 0 0
0.561897 -0.0359063 0.0977402 0 0 0 0 0 0
0.556323 -0.0357872 0.0977402 0 0 0 0 0 0
0.553043 -0.0357171 0.0977402 0 0 0 0 0 0
0.547658 -0.0356021 0.0977402 0 0 0 0 0 0
0.544188 -0.0355279 0.0977402 0 0 0 0 0 0
0.538992 -0.0354169 0.0977402 0 0 0 0 0 0
0.535333 -0.0353388 0.0977402 0 0 0 0 0 0
0.530327 -0.0352318 0.0977402 0 0 0 0 0 0
0.526479 -0.0351496 0.0977402 0 0 0 0 0 0
0.521661 -0.0350467 0.0977402 0 0 0 0 0 0
0.517624 -0.0349604 0.0977402 0 0 0 0 0 0
0.512996 -0.0348616 0.0977402 0 0 0 0 0 0
0.508769 -0.0347713 0.0977402 0 0 0 0 0 0
0.50433 -0.0346764 0.0977402 0 0 0 0 0 0
0.503663 -0.0346622 0.0977402 0 0 0 0 0 0
0.503663 -0.0346622 0.0977402 0 0 0 0 0 0
0.499925 -0.0345921 0.0977402 0 0 0 0 0 0
0.495665 -0.0345123 0.0977402 0 0 0 0 0 0
0.491094 -0.0344266 0.0977402 0 0 0 0 0 0
0.486999 -0.0343499 0.0977402 0 0 0 0 0 0
0.482262 -0.0342611 0.0977402 0 0 0 0 0 0
0.478334 -0.0341874 0.0977402 0 0 0 0 0 0
0.473431 -0.0340956 0.0977402 0 0 0 0 0 0
0.469668 -0.034025 0.0977402 0 0 0 0 0 0
0.4646 -0.03393 0.0977402 0 0 0 0 0 0
0.461002 -0.0338626 0.0977402 0 0 0 0 0 0
0.455769 -0.0337645 0.0977402 0 0 0 0 0 0
0.452337 -0.0337002 0.0977402 0 0 0 0 0 0
0.446938 -0.033599 0.0977402 0 0 0 0 0 0
0.443671 -0.0335378 0.0977402 0 0 0 0 0 0
0.438107 -0.0334335 0.0977402 0 0 0 0 0 0
0.435006 -0.0333753 0.0977402 0 0 0 0 0 0
0.433014 -0.033338 0.0977402 0 0 0 0 0 0
0.433014 -0.033338 0.0977402 0 0 0 0 0 0
0.429276 -0.033268 0.0977402 0 0 0 0 0 0
0.42634 -0.0332129 0.0977402 0 0 0 0 0 0
0.420445 -0.0331024 0.0977402 0 0 0 0 0 0
0.417675 -0.0330505 0.0977402 0 0 0 0 0 0
0.411614 -0.0329369 0.0977402 0 0 0 0 0 0
0.409009 -0.0328881 0.0977402 0 0 0 0 0 0
0.402783 -0.0327714 0.0977402 0 0 0 0 0 0
0.400344 -0.0327257 0.0977402 0 0 0 0 0 0
0.393952 -0.0326059 0.0977402 0 0 0 0 0 0
0.391678 -0.0325633 0.0977402 0 0 0 0 0 0
0.385121 -0.0324404 0.0977402 0 0 0 0 0 0
0.383013 -0.0324008 0.0977402 0 0 0 0 0 0
0.37629 -0.0322748 0.0977402 0 0 0 0 0 0
0.374347 -0.0322384 0.0977402 0 0 0 0 0 0
0.367459 -0.0321093 0.0977402 0 0 0 0 0 0
0.365682 -0.032076 0.0977402 0 0 0 0 0 0
0.362366 -0.0320139 0.0977402 0 0 0 0 0 0
0.362366 -0.0320139 0.0977402 0 0 0 0 0 0
0.358628 -0.0319438 0.0977402 0 0 0 0 0 0
0.357016 -0.0319136 0.0977402 0 0 0 0 0 0
0.349797 -0.0317783 0.0977402 0 0 0 0 0 0
0.348351 -0.0317512 0.0977402 0 0 0 0 0 0
0.340966 -0.0316128 0.0977402 0 0 0 0 0 0
0.339685 -0.0315888 0.0977402 0 0 0 0 0 0
0.332135 -0.0314473 0.0977402 0 0 0 0 0 0
0.33102 -0.0314264 0.0977402 0 0 0 0 0 0
0.323304 -0.0312817 0.0977402 0 0 0 0 0 0
0.322354 -0.0312639 0.0977402 0 0 0 0 0 0
0.314473 -0.0311162 0.0977402 0 0 0 0 0 0
0.313689 -0.0311015 0.0977402 0 0 0 0 0 0
0.305642 -0.0309507 0.0977402 0 0 0 0 0 0
0.305023 -0.0309391 0.0977402 0 0 0 0 0 0
0.296811 -0.0307852 0.0977402 0 0 0 0 0 0
0.296358 -0.0307767 0.0977402 0 0 0 0 0 0
0.291718 -0.0306897 0.0977402 0 0 0 0 0 0
0.291718 -0.0306897 0.0977402 0 0 0 0 0 0
0.291724 -0.0303321 0.0977402 0 0 0 0 0 0
0.291811 -0.0257858 0.0977402 0 0 0 0 0 0
0.29189 -0.0216666 0.0977402 0 0 0 0 0 0
0.291974 -0.0172827 0.0977402 0 0 0 0 0 0
0.292056 -0.0130011 0.0977402 0 0 0 0 0 0
0.292136 -0.00877959 0.0977402 0 0 0 0 0 0
0.292221 -0.00433558 0.0977402 0 0 0 0 0 0
0.292299 -0.000276479 0.0977402 0 0 0 0 0 0
0.292387 0.00432998 0.0977402 0 0 0 0 0 0
0.292461 0.00822664 0.0977402 0 0 0 0 0 0
0.292552 0.0129955 0.0977402 0 0 0 0 0 0
0.292623 0.0167297 0.0977402 0 0 0 0 0 0
0.292718 0.021661 0.0977402 0 0 0 0 0 0
0.292786 0.0252328 0.0977402 0 0 0 0 0 0
0.292883 0.0303265 0.0977402 0 0 0 0 0 0
0.292948 0.0337359 0.0977402 0 0 0 0 0 0
0.293042 0.0386344 0.0977402 0 0 0 0 0 0
0.293042 0.0386344 0.0977402 0 0 0 0 0 0
0.296358 0.0385723 0.0977402 0 0 0 0 0 0
0.296785 0.0385642 0.0977402 0 0 0 0 0 0
0.305023 0.0384098 0.0977402 0 0 0 0 0 0
0.305617 0.0383987 0.0977402 0 0 0 0 0 0
0.313689 0.0382474 0.0977402 0 0 0 0 0 0
0.314448 0.0382332 0.0977402 0 0 0 0 0 0
0.322354 0.038085 0.0977402 0 0 0 0 0 0
0.323279 0.0380677 0.0977402 0 0 0 0 0 0
0.33102 0.0379226 0.0977402 0 0 0 0 0 0
0.33211 0.0379022 0.0977402 0 0 0 0 0 0
0.339685 0.0377602 0.0977402 0 0 0 0 0 0
0.340941 0.0377367 0.0977402 0 0 0 0 0 0
0.348351 0.0375978 0.0977402 0 0 0 0 0 0
0.349772 0.0375711 0.0977402 0 0 0 0 0 0
0.357016 0.0374354 0.0977402 0 0 0 0 0 0
0.358603 0.0374056 0.0977402 0 0 0 0 0 0
0.36369 0.0373103 0.0977402 0 0 0 0 0 0
0.36369 0.0373103 0.0977402 0 0 0 0 0 0
0.365682 0.0372729 0.0977402 0 0 0 0 0 0
0.367434 0.0372401 0.0977402 0 0 0 0 0 0
0.374347 0.0371105 0.0977402 0 0 0 0 0 0
0.376265 0.0370746 0.0977402 0 0 0 0 0 0
0.383013 0.0369481 0.0977402 0 0 0 0 0 0
0.385096 0.0369091 0.0977402 0 0 0 0 0 0
0.391678 0.0367857 0.0977402 0 0 0 0 0 0
0.393927 0.0367435 0.0977402 0 0 0 0 0 0
0.400344 0.0366233 0.0977402 0 0 0 0 0 0
0.402758 0.036578 0.0977402 0 0 0 0 0 0
0.409009 0.0364609 0.0977402 0 0 0 0 0 0
0.411589 0.0364125 0.0977402 0 0 0 0 0 0
0.417675 0.0362984 0.0977402 0 0 0 0 0 0
0.42042 0.036247 0.0977402 0 0 0 0 0 0
0.42634 0.036136 0.0977402 0 0 0 0 0 0
0.429251 0.0360815 0.0977402 0 0 0 0 0 0
0.434338 0.0359861 0.0977402 0 0 0 0 0 0
0.434338 0.0359861 0.0977402 0 0 0 0 0 0
0.435006 0.0359719 0.0977402 0 0 0 0 0 0
0.438092 0.0359059 0.0977402 0 0 0 0 0 0
0.443671 0.0357867 0.0977402 0 0 0 0 0 0
0.446947 0.0357168 0.0977402 0 0 0 0 0 0
0.452337 0.0356016 0.0977402 0 0 0 0 0 0
0.455801 0.0355276 0.0977402 0 0 0 0 0 0
0.461002 0.0354165 0.0977402 0 0 0 0 0 0
0.464656 0.0353384 0.0977402 0 0 0 0 0 0
0.469668 0.0352314 0.0977402 0 0 0 0 0 0
0.473511 0.0351493 0.0977402 0 0 0 0 0 0
0.478334 0.0350462 0.0977402 0 0 0 0 0 0
0.482365 0.0349601 0.0977402 0 0 0 0 0 0
0.486999 0.0348611 0.0977402 0 0 0 0 0 0
0.49122 0.0347709 0.0977402 0 0 0 0 0 0
0.495665 0.034676 0.0977402 0 0 0 0 0 0
0.496321 0.0346619 0.0977402 0 0 0 0 0 0
0.496321 0.0346619 0.0977402 0 0 0 0 0 0
0.500065 0.0345918 0.0977402 0 0 0 0 0 0
0.50433 0.0345118 0.0977402 0 0 0 0 0 0
0.508896 0.0344263 0.0977402 0 0 0 0 0 0
0.512996 0.0343494 0.0977402 0 0 0 0 0 0
0.517727 0.0342607 0.0977402 0 0 0 0 0 0
0.521661 0.034187 0.0977402 0 0 0 0 0 0
0.526558 0.0340952 0.0977402 0 0 0 0 0 0
0.530327 0.0340246 0.0977402 0 0 0 0 0 0
0.535389 0.0339297 0.0977402 0 0 0 0 0 0
0.538992 0.0338622 0.0977402 0 0 0 0 0 0
0.54422 0.0337642 0.0977402 0 0 0 0 0 0
0.547658 0.0336998 0.0977402 0 0 0 0 0 0
0.553051 0.0335987 0.0977402 0 0 0 0 0 0
0.556323 0.0335374 0.0977402 0 0 0 0 0 0
0.561882 0.0334332 0.0977402 0 0 0 0 0 0
0.564989 0.0333749 0.0977402 0 0 0 0 0 0
0.566969 0.0333378 0.0977402 0 0 0 0 0 0
0.566969 0.0333378 0.0977402 0 0 0 0 0 0
0.570713 0.0332676 0.0977402 0 0 0 0 0 0
0.573654 0.0332125 0.0977402 0 0 0 0 0 0
0.579544 0.0331021 0.0977402 0 0 0 0 0 0
0.58232 0.0330501 0.0977402 0 0 0 0 0 0
0.588375 0.0329366 0.0977402 0 0 0 0 0 0
0.590985 0.0328877 0.0977402 0 0 0 0 0 0
0.597206 0.0327711 0.0977402 0 0 0 0 0 0
0.599651 0.0327253 0.0977402 0 0 0 0 0 0
0.606037 0.0326056 0.0977402 0 0 0 0 0 0
0.608316 0.0325629 0.0977402 0 0 0 0 0 0
0.614868 0.0324401 0.0977402 0 0 0 0 0 0
0.616982 0.0324004 0.0977402 0 0 0 0 0 0
0.623699 0.0322745 0.0977402 0 0 0 0 0 0
0.625647 0.032238 0.0977402 0 0 0 0 0 0
0.63253 0.032109 0.0977402 0 0 0 0 0 0
0.634313 0.0320756 0.0977402 0 0 0 0 0 0
0.637618 0.0320137 0.0977402 0 0 0 0 0 0
0.637618 0.0320137 0.0977402 0 0 0 0 0 0
0.641361 0.0319435 0.0977402 0 0 0 0 0 0
0.642978 0.0319132 0.0977402 0 0 0 0 0 0
0.650192 0.031778 0.0977402 0 0 0 0 0 0
0.651644 0.0317508 0.0977402 0 0 0 0 0 0
0.659023 0.0316125 0.0977402 0 0 0 0 0 0
0.660309 0.0315884 0.0977402 0 0 0 0 0 0
0.667854 0.031447 0.0977402 0 0 0 0 0 0
0.668975 0.031426 0.0977402 0 0 0 0 0 0
0.676685 0.0312814 0.0977402 0 0 0 0 0 0
0.67764 0.0312635 0.0977402 0 0 0 0 0 0
0.685517 0.0311159 0.0977402 0 0 0 0 0 0
0.686306 0.0311011 0.0977402 0 0 0 0 0 0
0.694348 0.0309504 0.0977402 0 0 0 0 0 0
0.694971 0.0309387 0.0977402 0 0 0 0 0 0
0.703179 0.0307849 0.0977402 0 0 0 0 0 0
0.703637 0.0307763 0.0977402 0 0 0 0 0 0
0.708266 0.0306895 0.0977402 0 0 0 0 0 0
0.708266 0.0306895 0.0977402 0 0 0 0 0 0
0.708335 0.0342942 0.0977402 0 0 0 0 0 0
0.708425 0.038992 0.0977402 0 0 0 0 0 0
0.708497 0.0427973 0.0977402 0 0 0 0 0 0
0.70859 0.0476575 0.0977402 0 0 0 0 0 0
0.70866 0.0513004 0.0977402 0 0 0 0 0 0
0.708756 0.0563231 0.0977402 0 0 0 0 0 0
0.708822 0.0598035 0.0977402 0 0 0 0 0 0
0.708921 0.0649886 0.0977402 0 0 0 0 0 0
0.708984 0.0683066 0.0977402 0 0 0 0 0 0
0.709087 0.0736541 0.0977402 0 0 0 0 0 0
0.709147 0.0768097 0.0977402 0 0 0 0 0 0
0.709252 0.0823196 0.0977402 0 0 0 0 0 0
0.709309 0.0853128 0.0977402 0 0 0 0 0 0
0.709418 0.0909851 0.0977402 0 0 0 0 0 0
0.709472 0.0938159 0.0977402 0 0 0 0 0 0
0.709583 0.0996506 0.0977402 0 0 0 0 0 0
0.70959 0.100014 0.0977402 0 0 0 0 0 0
0.70959 0.100014 0.0977402 0 0 0 0 0 0
0.703637 0.100125 0.0977402 0 0 0 0 0 0
0.703153 0.100134 0.0977402 0 0 0 0 0 0
0.694971 0.100288 0.0977402 0 0 0 0 0 0
0.694322 0.1003 0.0977402 0 0 0 0 0 0
0.686306 0.10045 0.0977402 0 0 0 0 0 0
0.685491 0.100465 0.0977402 0 0 0 0 0 0
0.67764 0.100612 0.0977402 0 0 0 0 0 0
0.67666 0.100631 0.0977402 0 0 0 0 0 0
0.668975 0.100775 0.0977402 0 0 0 0 0 0
0.667829 0.100796 0.0977402 0 0 0 0 0 0
0.660309 0.100937 0.0977402 0 0 0 0 0 0
0.658998 0.100962 0.0977402 0 0 0 0 0 0
0.651644 0.1011 0.0977402 0 0 0 0 0 0
0.650167 0.101127 0.0977402 0 0 0 0 0 0
0.642978 0.101262 0.0977402 0 0 0 0 0 0
0.641336 0.101293 0.0977402 0 0 0 0 0 0
0.638942 0.101338 0.0977402 0 0 0 0 0 0
0.638942 0.101338 0.0977402 0 0 0 0 0 0
0.634313 0.101425 0.0977402 0 0 0 0 0 0
0.632505 0.101458 0.0977402 0 0 0 0 0 0
0.625647 0.101587 0.0977402 0 0 0 0 0 0
0.623674 0.101624 0.0977402 0 0 0 0 0 0
0.616982 0.101749 0.0977402 0 0 0 0 0 0
0.614843 0.101789 0.0977402 0 0 0 0 0 0
0.608316 0.101912 0.0977402 0 0 0 0 0 0
0.606012 0.101955 0.0977402 0 0 0 0 0 0
0.599651 0.102074 0.0977402 0 0 0 0 0 0
0.597181 0.102121 0.0977402 0 0 0 0 0 0
0.590985 0.102237 0.0977402 0 0 0 0 0 0
0.58835 0.102286 0.0977402 0 0 0 0 0 0
0.58232 0.102399 0.0977402 0 0 0 0 0 0
0.579519 0.102452 0.0977402 0 0 0 0 0 0
0.573654 0.102561 0.0977402 0 0 0 0 0 0
0.570688 0.102617 0.0977402 0 0 0 0 0 0
0.568294 0.102662 0.0977402 0 0 0 0 0 0
0.568294 0.102662 0.0977402 0 0 0 0 0 0
0.564989 0.102724 0.0977402 0 0 0 0 0 0
0.561857 0.102783 0.0977402 0 0 0 0 0 0
0.556323 0.102886 0.0977402 0 0 0 0 0 0
0.553026 0.102948 0.0977402 0 0 0 0 0 0
0.547658 0.103049 0.0977402 0 0 0 0 0 0
0.544195 0.103114 0.0977402 0 0 0 0 0 0
0.538992 0.103211 0.0977402 0 0 0 0 0 0
0.535364 0.103279 0.0977402 0 0 0 0 0 0
0.530327 0.103374 0.0977402 0 0 0 0 0 0
0.526533 0.103445 0.0977402 0 0 0 0 0 0
0.521661 0.103536 0.0977402 0 0 0 0 0 0
0.517702 0.10361 0.0977402 0 0 0 0 0 0
0.512996 0.103698 0.0977402 0 0 0 0 0 0
0.508871 0.103776 0.0977402 0 0 0 0 0 0
0.50433 0.103861 0.0977402 0 0 0 0 0 0
0.50004 0.103941 0.0977402 0 0 0 0 0 0
0.497645 0.103986 0.0977402 0 0 0 0 0 0
0.497645 0.103986 0.0977402 0 0 0 0 0 0
0.495665 0.104023 0.0977402 0 0 0 0 0 0
0.491208 0.104107 0.0977402 0 0 0 0 0 0
0.486999 0.104186 0.0977402 0 0 0 0 0 0
0.482377 0.104272 0.0977402 0 0 0 0 0 0
0.478334 0.104348 0.0977402 0 0 0 0 0 0
0.473546 0.104438 0.0977402 0 0 0 0 0 0
0.469668 0.10451 0.0977402 0 0 0 0 0 0
0.464715 0.104603 0.0977402 0 0 0 0 0 0
0.461002 0.104673 0.0977402 0 0 0 0 0 0
0.455884 0.104769 0.0977402 0 0 0 0 0 0
0.452337 0.104835 0.0977402 0 0 0 0 0 0
0.447053 0.104934 0.0977402 0 0 0 0 0 0
0.443671 0.104998 0.0977402 0 0 0 0 0 0
0.438222 0.1051 0.0977402 0 0 0 0 0 0
0.435006 0.10516 0.0977402 0 0 0 0 0 0
0.429391 0.105265 0.0977402 0 0 0 0 0 0
0.426997 0.10531 0.0977402 0 0 0 0 0 0
0.426997 0.10531 0.0977402 0 0 0 0 0 0
0.42634 0.105324 0.0977402 0 0 0 0 0 0
0.420543 0.105448 0.0977402 0 0 0 0 0 0
0.417675 0.105509 0.0977402 0 0 0 0 0 0
0.411688 0.105637 0.0977402 0 0 0 0 0 0
0.409009 0.105695 0.0977402 0 0 0 0 0 0
0.402834 0.105826 0.0977402 0 0 0 0 0 0
0.400344 0.10588 0.0977402 0 0 0 0 0 0
0.393979 0.106016 0.0977402 0 0 0 0 0 0
0.391678 0.106065 0.0977402 0 0 0 0 0 0
0.385124 0.106205 0.0977402 0 0 0 0 0 0
0.383013 0.10625 0.0977402 0 0 0 0 0 0
0.37627 0.106394 0.0977402 0 0 0 0 0 0
0.374347 0.106435 0.0977402 0 0 0 0 0 0
0.367415 0.106583 0.0977402 0 0 0 0 0 0
0.365682 0.10662 0.0977402 0 0 0 0 0 0
0.365014 0.106634 0.0977402 0 0 0 0 0 0
0.365014 0.106634 0.0977402 0 0 0 0 0 0
0.358577 0.106755 0.0977402 0 0 0 0 0 0
0.357016 0.106784 0.0977402 0 0 0 0 0 0
0.349746 0.106921 0.0977402 0 0 0 0 0 0
0.348351 0.106947 0.0977402 0 0 0 0 0 0
0.340915 0.107086 0.0977402 0 0 0 0 0 0
0.339685 0.107109 0.0977402 0 0 0 0 0 0
0.332084 0.107252 0.0977402 0 0 0 0 0 0
0.33102 0.107272 0.0977402 0 0 0 0 0 0
0.323253 0.107417 0.0977402 0 0 0 0 0 0
0.322354 0.107434 0.0977402 0 0 0 0 0 0
0.314422 0.107583 0.0977402 0 0 0 0 0 0
0.313689 0.107596 0.0977402 0 0 0 0 0 0
0.305591 0.107748 0.0977402 0 0 0 0 0 0
0.305023 0.107759 0.0977402 0 0 0 0 0 0
0.29676 0.107914 0.0977402 0 0 0 0 0 0
0.296358 0.107921 0.0977402 0 0 0 0 0 0
0.294366 0.107959 0.0977402 0 0 0 0 0 0
0.294366 0.107959 0.0977402 0 0 0 0 0 0
0.294373 0.108316 0.0977402 0 0 0 0 0 0
0.29441 0.110264 0.0977402 0 0 0 0 0 0
0.294538 0.116982 0.0977402 0 0 0 0 0 0
0.294572 0.118767 0.0977402 0 0 0 0 0 0
0.294704 0.125647 0.0977402 0 0 0 0 0 0
0.294735 0.12727 0.0977402 0 0 0 0 0 0
0.294869 0.134313 0.0977402 0 0 0 0 0 0
0.294897 0.135773 0.0977402 0 0 0 0 0 0
0.295035 0.142978 0.0977402 0 0 0 0 0 0
0.29506 0.144276 0.0977402 0 0 0 0 0 0
0.2952 0.151644 0.0977402 0 0 0 0 0 0
0.295222 0.152779 0.0977402 0 0 0 0 0 0
0.295366 0.160309 0.0977402 0 0 0 0 0 0
0.295384 0.161282 0.0977402 0 0 0 0 0 0
0.295531 0.168975 0.0977402 0 0 0 0 0 0
0.295547 0.169786 0.0977402 0 0 0 0 0 0
0.29569 0.177283 0.0977402 0 0 0 0 0 0
0.29569 0.177283 0.0977402 0 0 0 0 0 0
0.296358 0.177268 0.0977402 0 0 0 0 0 0
0.296738 0.17726 0.0977402 0 0 0 0 0 0
0.305023 0.177083 0.0977402 0 0 0 0 0 0
0.305592 0.177071 0.0977402 0 0 0 0 0 0
0.313689 0.176898 0.0977402 0 0 0 0 0 0
0.314447 0.176882 0.0977402 0 0 0 0 0 0
0.322354 0.176713 0.0977402 0 0 0 0 0 0
0.323302 0.176693 0.0977402 0 0 0 0 0 0
0.33102 0.176528 0.0977402 0 0 0 0 0 0
0.332156 0.176504 0.0977402 0 0 0 0 0 0
0.339685 0.176343 0.0977402 0 0 0 0 0 0
0.341011 0.176314 0.0977402 0 0 0 0 0 0
0.348351 0.176158 0.0977402 0 0 0 0 0 0
0.349866 0.176125 0.0977402 0 0 0 0 0 0
0.357016 0.175973 0.0977402 0 0 0 0 0 0
0.357673 0.175959 0.0977402 0 0 0 0 0 0
0.357673 0.175959 0.0977402 0 0 0 0 0 0
0.358718 0.175939 0.0977402 0 0 0 0 0 0
0.365682 0.175808 0.0977402 0 0 0 0 0 0
0.367549 0.175773 0.0977402 0 0 0 0 0 0
0.374347 0.175646 0.0977402 0 0 0 0 0 0
0.37638 0.175608 0.0977402 0 0 0 0 0 0
0.383013 0.175484 0.0977402 0 0 0 0 0 0
0.385211 0.175442 0.0977402 0 0 0 0 0 0
0.391678 0.175321 0.0977402 0 0 0 0 0 0
0.394042 0.175277 0.0977402 0 0 0 0 0 0
0.400344 0.175159 0.0977402 0 0 0 0 0 0
0.402873 0.175111 0.0977402 0 0 0 0 0 0
0.409009 0.174996 0.0977402 0 0 0 0 0 0
0.411704 0.174946 0.0977402 0 0 0 0 0 0
0.417675 0.174834 0.0977402 0 0 0 0 0 0
0.420535 0.17478 0.0977402 0 0 0 0 0 0
0.42634 0.174672 0.0977402 0 0 0 0 0 0
0.428321 0.174634 0.0977402 0 0 0 0 0 0
0.428321 0.174634 0.0977402 0 0 0 0 0 0
0.429366 0.174615 0.0977402 0 0 0 0 0 0
0.435006 0.174509 0.0977402 0 0 0 0 0 0
0.438197 0.174449 0.0977402 0 0 0 0 0 0
0.443671 0.174347 0.0977402 0 0 0 0 0 0
0.447028 0.174284 0.0977402 0 0 0 0 0 0
0.452337 0.174184 0.0977402 0 0 0 0 0 0
0.455859 0.174118 0.0977402 0 0 0 0 0 0
0.461002 0.174022 0.0977402 0 0 0 0 0 0
0.46469 0.173953 0.0977402 0 0 0 0 0 0
0.469668 0.173859 0.0977402 0 0 0 0 0 0
0.473521 0.173787 0.0977402 0 0 0 0 0 0
0.478334 0.173697 0.0977402 0 0 0 0 0 0
0.482352 0.173622 0.0977402 0 0 0 0 0 0
0.486999 0.173535 0.0977402 0 0 0 0 0 0
0.491183 0.173456 0.0977402 0 0 0 0 0 0
0.495665 0.173372 0.0977402 0 0 0 0 0 0
0.498969 0.17331 0.0977402 0 0 0 0 0 0
0.498969 0.17331 0.0977402 0 0 0 0 0 0
0.500014 0.173291 0.0977402 0 0 0 0 0 0
0.50433 0.17321 0.0977402 0 0 0 0 0 0
0.508845 0.173125 0.0977402 0 0 0 0 0 0
0.512996 0.173047 0.0977402 0 0 0 0 0 0
0.517676 0.17296 0.0977402 0 0 0 0 0 0
0.521661 0.172885 0.0977402 0 0 0 0 0 0
0.526507 0.172794 0.0977402 0 0 0 0 0 0
0.530327 0.172723 0.0977402 0 0 0 0 0 0
0.535338 0.172629 0.0977402 0 0 0 0 0 0
0.538992 0.17256 0.0977402 0 0 0 0 0 0
0.544169 0.172463 0.0977402 0 0 0 0 0 0
0.547658 0.172398 0.0977402 0 0 0 0 0 0
0.553 0.172298 0.0977402 0 0 0 0 0 0
0.556323 0.172235 0.0977402 0 0 0 0 0 0
0.561831 0.172132 0.0977402 0 0 0 0 0 0
0.564989 0.172073 0.0977402 0 0 0 0 0 0
0.569618 0.171986 0.0977402 0 0 0 0 0 0
0.569618 0.171986 0.0977402 0 0 0 0 0 0
0.570662 0.171967 0.0977402 0 0 0 0 0 0
0.573654 0.17191 0.0977402 0 0 0 0 0 0
0.579494 0.171801 0.0977402 0 0 0 0 0 0
0.58232 0.171748 0.0977402 0 0 0 0 0 0
0.588325 0.171635 0.0977402 0 0 0 0 0 0
0.590985 0.171586 0.0977402 0 0 0 0 0 0
0.597156 0.17147 0.0977402 0 0 0 0 0 0
0.599651 0.171423 0.0977402 0 0 0 0 0 0
0.605987 0.171304 0.0977402 0 0 0 0 0 0
0.608316 0.171261 0.0977402 0 0 0 0 0 0
0.614818 0.171139 0.0977402 0 0 0 0 0 0
0.616982 0.171098 0.0977402 0 0 0 0 0 0
0.623649 0.170973 0.0977402 0 0 0 0 0 0
0.625647 0.170936 0.0977402 0 0 0 0 0 0
0.63248 0.170808 0.0977402 0 0 0 0 0 0
0.634313 0.170774 0.0977402 0 0 0 0 0 0
0.640266 0.170662 0.0977402 0 0 0 0 0 0
0.640266 0.170662 0.0977402 0 0 0 0 0 0
0.641311 0.170642 0.0977402 0 0 0 0 0 0
0.642978 0.170611 0.0977402 0 0 0 0 0 0
0.650142 0.170477 0.0977402 0 0 0 0 0 0
0.651644 0.170449 0.0977402 0 0 0 0 0 0
0.658973 0.170311 0.0977402 0 0 0 0 0 0
0.660309 0.170286 0.0977402 0 0 0 0 0 0
0.667804 0.170146 0.0977402 0 0 0 0 0 0
0.668975 0.170124 0.0977402 0 0 0 0 0 0
0.676635 0.16998 0.0977402 0 0 0 0 0 0
0.67764 0.169961 0.0977402 0 0 0 0 0 0
0.685466 0.169815 0.0977402 0 0 0 0 0 0
0.686306 0.169799 0.0977402 0 0 0 0 0 0
0.694297 0.169649 0.0977402 0 0 0 0 0 0
0.694971 0.169637 0.0977402 0 0 0 0 0 0
0.703128 0.169484 0.0977402 0 0 0 0 0 0
0.703637 0.169474 0.0977402 0 0 0 0 0 0
0.710914 0.169338 0.0977402 0 0 0 0 0 0
0.710914 0.169338 0.0977402 0 0 0 0 0 0
0.710936 0.170341 0.0977402 0 0 0 0 0 0
0.711095 0.17764 0.0977402 0 0 0 0 0 0
0.711121 0.178822 0.0977402 0 0 0 0 0 0
0.711285 0.186306 0.0977402 0 0 0 0 0 0
0.711306 0.187302 0.0977402 0 0 0 0 0 0
0.711474 0.194971 0.0977402 0 0 0 0 0 0
0.711491 0.195782 0.0977402 0 0 0 0 0 0
0.711663 0.203637 0.0977402 0 0 0 0 0 0
0.711677 0.204263 0.0977402 0 0 0 0 0 0
0.711852 0.212302 0.0977402 0 0 0 0 0 0
0.711862 0.212743 0.0977402 0 0 0 0 0 0
0.712041 0.220968 0.0977402 0 0 0 0 0 0
0.712047 0.221224 0.0977402 0 0 0 0 0 0
0.71223 0.229633 0.0977402 0 0 0 0 0 0
0.712232 0.229704 0.0977402 0 0 0 0 0 0
0.712238 0.229996 0.0977402 0 0 0 0 0 0
0.712238 0.229996 0.0977402 0 0 0 0 0 0
0.711934 0.230002 0.0977402 0 0 0 0 0 0
0.703637 0.230158 0.0977402 0 0 0 0 0 0
0.703103 0.230168 0.0977402 0 0 0 0 0 0
0.694971 0.23032 0.0977402 0 0 0 0 0 0
0.694272 0.230333 0.0977402 0 0 0 0 0 0
0.686306 0.230482 0.0977402 0 0 0 0 0 0
0.685441 0.230499 0.0977402 0 0 0 0 0 0
0.67764 0.230645 0.0977402 0 0 0 0 0 0
0.67661 0.230664 0.0977402 0 0 0 0 0 0
0.668975 0.230807 0.0977402 0 0 0 0 0 0
0.667779 0.23083 0.0977402 0 0 0 0 0 0
0.660309 0.23097 0.0977402 0 0 0 0 0 0
0.658948 0.230995 0.0977402 0 0 0 0 0 0
0.651644 0.231132 0.0977402 0 0 0 0 0 0
0.650116 0.231161 0.0977402 0 0 0 0 0 0
0.642978 0.231295 0.0977402 0 0 0 0 0 0
0.64159 0.231321 0.0977402 0 0 0 0 0 0
0.64159 0.231321 0.0977402 0 0 0 0 0 0
0.641285 0.231326 0.0977402 0 0 0 0 0 0
0.634313 0.231457 0.0977402 0 0 0 0 0 0
0.632454 0.231492 0.0977402 0 0 0 0 0 0
0.625647 0.231619 0.0977402 0 0 0 0 0 0
0.623623 0.231657 0.0977402 0 0 0 0 0 0
0.616982 0.231782 0.0977402 0 0 0 0 0 0
0.614792 0.231823 0.0977402 0 0 0 0 0 0
0.608316 0.231944 0.0977402 0 0 0 0 0 0
0.605961 0.231988 0.0977402 0 0 0 0 0 0
0.599651 0.232107 0.0977402 0 0 0 0 0 0
0.59713 0.232154 0.0977402 0 0 0 0 0 0
0.590985 0.232269 0.0977402 0 0 0 0 0 0
0.588299 0.232319 0.0977402 0 0 0 0 0 0
0.58232 0.232431 0.0977402 0 0 0 0 0 0
0.579468 0.232485 0.0977402 0 0 0 0 0 0
0.573654 0.232594 0.0977402 0 0 0 0 0 0
0.570942 0.232645 0.0977402 0 0 0 0 0 0
0.570942 0.232645 0.0977402 0 0 0 0 0 0
0.570637 0.23265 0.0977402 0 0 0 0 0 0
0.564989 0.232756 0.0977402 0 0 0 0 0 0
0.561806 0.232816 0.0977402 0 0 0 0 0 0
0.556323 0.232919 0.0977402 0 0 0 0 0 0
0.552975 0.232981 0.0977402 0 0 0 0 0 0
0.547658 0.233081 0.0977402 0 0 0 0 0 0
0.544144 0.233147 0.0977402 0 0 0 0 0 0
0.538992 0.233244 0.0977402 0 0 0 0 0 0
0.535313 0.233312 0.0977402 0 0 0 0 0 0
0.530327 0.233406 0.0977402 0 0 0 0 0 0
0.526482 0.233478 0.0977402 0 0 0 0 0 0
0.521661 0.233568 0.0977402 0 0 0 0 0 0
0.517651 0.233644 0.0977402 0 0 0 0 0 0
0.512996 0.233731 0.0977402 0 0 0 0 0 0
0.50882 0.233809 0.0977402 0 0 0 0 0 0
0.50433 0.233893 0.0977402 0 0 0 0 0 0
0.500294 0.233969 0.0977402 0 0 0 0 0 0
0.500294 0.233969 0.0977402 0 0 0 0 0 0
0.499989 0.233975 0.0977402 0 0 0 0 0 0
0.495665 0.234056 0.0977402 0 0 0 0 0 0
0.491158 0.23414 0.0977402 0 0 0 0 0 0
0.486999 0.234218 0.0977402 0 0 0 0 0 0
0.482327 0.234306 0.0977402 0 0 0 0 0 0
0.478334 0.23438 0.0977402 0 0 0 0 0 0
0.473496 0.234471 0.0977402 0 0 0 0 0 0
0.469668 0.234543 0.0977402 0 0 0 0 0 0
0.464665 0.234637 0.0977402 0 0 0 0 0 0
0.461002 0.234705 0.0977402 0 0 0 0 0 0
0.455834 0.234802 0.0977402 0 0 0 0 0 0
0.452337 0.234868 0.0977402 0 0 0 0 0 0
0.447003 0.234968 0.0977402 0 0 0 0 0 0
0.443671 0.23503 0.0977402 0 0 0 0 0 0
0.438172 0.235133 0.0977402 0 0 0 0 0 0
0.435006 0.235193 0.0977402 0 0 0 0 0 0
0.429645 0.235293 0.0977402 0 0 0 0 0 0
0.429645 0.235293 0.0977402 0 0 0 0 0 0
0.429341 0.235299 0.0977402 0 0 0 0 0 0
0.42634 0.235355 0.0977402 0 0 0 0 0 0
0.42051 0.235464 0.0977402 0 0 0 0 0 0
0.417675 0.235517 0.0977402 0 0 0 0 0 0
0.411679 0.23563 0.0977402 0 0 0 0 0 0
0.409009 0.23568 0.0977402 0 0 0 0 0 0
0.402847 0.235795 0.0977402 0 0 0 0 0 0
0.400344 0.235842 0.0977402 0 0 0 0 0 0
0.394016 0.235961 0.0977402 0 0 0 0 0 0
0.391678 0.236005 0.0977402 0 0 0 0 0 0
0.385185 0.236126 0.0977402 0 0 0 0 0 0
0.383013 0.236167 0.0977402 0 0 0 0 0 0
0.376354 0.236292 0.0977402 0 0 0 0 0 0
0.374347 0.236329 0.0977402 0 0 0 0 0 0
0.367523 0.236457 0.0977402 0 0 0 0 0 0
0.365682 0.236492 0.0977402 0 0 0 0 0 0
0.358997 0.236617 0.0977402 0 0 0 0 0 0
0.358997 0.236617 0.0977402 0 0 0 0 0 0
0.358692 0.236623 0.0977402 0 0 0 0 0 0
0.357016 0.236654 0.0977402 0 0 0 0 0 0
0.349861 0.236788 0.0977402 0 0 0 0 0 0
0.348351 0.236817 0.0977402 0 0 0 0 0 0
0.34103 0.236954 0.0977402 0 0 0 0 0 0
0.339685 0.236979 0.0977402 0 0 0 0 0 0
0.332199 0.237119 0.0977402 0 0 0 0 0 0
0.33102 0.237141 0.0977402 0 0 0 0 0 0
0.323368 0.237285 0.0977402 0 0 0 0 0 0
0.322354 0.237304 0.0977402 0 0 0 0 0 0
0.314537 0.23745 0.0977402 0 0 0 0 0 0
0.313689 0.237466 0.0977402 0 0 0 0 0 0
0.305706 0.237616 0.0977402 0 0 0 0 0 0
0.305023 0.237629 0.0977402 0 0 0 0 0 0
0.296875 0.237781 0.0977402 0 0 0 0 0 0
0.296358 0.237791 0.0977402 0 0 0 0 0 0
0.288349 0.237941 0.0977402 0 0 0 0 0 0
0.288349 0.237941 0.0977402 0 0 0 0 0 0
0.288355 0.238299 0.0977402 0 0 0 0 0 0
0.288505 0.246151 0.0977402 0 0 0 0 0 0
0.288521 0.246964 0.0977402 0 0 0 0 0 0
0.288668 0.254654 0.0977402 0 0 0 0 0 0
0.288687 0.25563 0.0977402 0 0 0 0 0 0
0.28883 0.263157 0.0977402 0 0 0 0 0 0
0.288852 0.264295 0.0977402 0 0 0 0 0 0
0.288993 0.27166 0.0977402 0 0 0 0 0 0
0.289018 0.272961 0.0977402 0 0 0 0 0 0
0.289155 0.280164 0.0977402 0 0 0 0 0 0
0.289183 0.281627 0.0977402 0 0 0 0 0 0
0.289318 0.288667 0.0977402 0 0 0 0 0 0
0.289349 0.290292 0.0977402 0 0 0 0 0 0
0.28948 0.29717 0.0977402 0 0 0 0 0 0
0.289514 0.298958 0.0977402 0 0 0 0 0 0
0.289642 0.305673 0.0977402 0 0 0 0 0 0
0.289673 0.307265 0.0977402 0 0 0 0 0 0
0.289673 0.307265 0.0977402 0 0 0 0 0 0
0.296358 0.30714 0.0977402 0 0 0 0 0 0
0.29685 0.307131 0.0977402 0 0 0 0 0 0
0.305023 0.306978 0.0977402 0 0 0 0 0 0
0.305681 0.306965 0.0977402 0 0 0 0 0 0
0.313689 0.306815 0.0977402 0 0 0 0 0 0
0.314512 0.3068 0.0977402 0 0 0 0 0 0
0.322354 0.306653 0.0977402 0 0 0 0 0 0
0.323343 0.306634 0.0977402 0 0 0 0 0 0
0.33102 0.30649 0.0977402 0 0 0 0 0 0
0.332174 0.306469 0.0977402 0 0 0 0 0 0
0.339685 0.306328 0.0977402 0 0 0 0 0 0
0.341005 0.306303 0.0977402 0 0 0 0 0 0
0.348351 0.306166 0.0977402 0 0 0 0 0 0
0.349836 0.306138 0.0977402 0 0 0 0 0 0
0.357016 0.306003 0.0977402 0 0 0 0 0 0
0.358667 0.305972 0.0977402 0 0 0 0 0 0
0.360321 0.305941 0.0977402 0 0 0 0 0 0
0.360321 0.305941 0.0977402 0 0 0 0 0 0
0.365682 0.305841 0.0977402 0 0 0 0 0 0
0.367498 0.305807 0.0977402 0 0 0 0 0 0
0.374347 0.305678 0.0977402 0 0 0 0 0 0
0.376329 0.305641 0.0977402 0 0 0 0 0 0
0.383013 0.305516 0.0977402 0 0 0 0 0 0
0.38516 0.305476 0.0977402 0 0 0 0 0 0
0.391678 0.305354 0.0977402 0 0 0 0 0 0
0.393991 0.30531 0.0977402 0 0 0 0 0 0
0.400344 0.305191 0.0977402 0 0 0 0 0 0
0.402822 0.305145 0.0977402 0 0 0 0 0 0
0.409009 0.305029 0.0977402 0 0 0 0 0 0
0.411653 0.304979 0.0977402 0 0 0 0 0 0
0.417675 0.304866 0.0977402 0 0 0 0 0 0
0.420484 0.304814 0.0977402 0 0 0 0 0 0
0.42634 0.304704 0.0977402 0 0 0 0 0 0
0.429315 0.304648 0.0977402 0 0 0 0 0 0
0.430969 0.304617 0.0977402 0 0 0 0 0 0
0.430969 0.304617 0.0977402 0 0 0 0 0 0
0.435006 0.304541 0.0977402 0 0 0 0 0 0
0.438146 0.304483 0.0977402 0 0 0 0 0 0
0.443671 0.304379 0.0977402 0 0 0 0 0 0
0.446977 0.304317 0.0977402 0 0 0 0 0 0
0.452337 0.304217 0.0977402 0 0 0 0 0 0
0.455808 0.304152 0.0977402 0 0 0 0 0 0
0.461002 0.304054 0.0977402 0 0 0 0 0 0
0.464639 0.303986 0.0977402 0 0 0 0 0 0
0.469668 0.303892 0.0977402 0 0 0 0 0 0
0.473471 0.303821 0.0977402 0 0 0 0 0 0
0.478334 0.303729 0.0977402 0 0 0 0 0 0
0.482302 0.303655 0.0977402 0 0 0 0 0 0
0.486999 0.303567 0.0977402 0 0 0 0 0 0
0.491133 0.303489 0.0977402 0 0 0 0 0 0
0.495665 0.303405 0.0977402 0 0 0 0 0 0
0.499964 0.303324 0.0977402 0 0 0 0 0 0
0.501618 0.303293 0.0977402 0 0 0 0 0 0
0.501618 0.303293 0.0977402 0 0 0 0 0 0
0.50433 0.303242 0.0977402 0 0 0 0 0 0
0.508795 0.303158 0.0977402 0 0 0 0 0 0
0.512996 0.30308 0.0977402 0 0 0 0 0 0
0.517626 0.302993 0.0977402 0 0 0 0 0 0
0.521661 0.302917 0.0977402 0 0 0 0 0 0
0.526457 0.302827 0.0977402 0 0 0 0 0 0
0.530327 0.302755 0.0977402 0 0 0 0 0 0
0.535288 0.302662 0.0977402 0 0 0 0 0 0
0.538992 0.302592 0.0977402 0 0 0 0 0 0
0.544119 0.302496 0.0977402 0 0 0 0 0 0
0.547658 0.30243 0.0977402 0 0 0 0 0 0
0.55295 0.302331 0.0977402 0 0 0 0 0 0
0.556323 0.302268 0.0977402 0 0 0 0 0 0
0.561781 0.302165 0.0977402 0 0 0 0 0 0
0.564989 0.302105 0.0977402 0 0 0 0 0 0
0.570612 0.302 0.0977402 0 0 0 0 0 0
0.572266 0.301969 0.0977402 0 0 0 0 0 0
0.572266 0.301969 0.0977402 0 0 0 0 0 0
0.573654 0.301943 0.0977402 0 0 0 0 0 0
0.579443 0.301834 0.0977402 0 0 0 0 0 0
0.58232 0.30178 0.0977402 0 0 0 0 0 0
0.588274 0.301669 0.0977402 0 0 0 0 0 0
0.590985 0.301618 0.0977402 0 0 0 0 0 0
0.597105 0.301503 0.0977402 0 0 0 0 0 0
0.599651 0.301456 0.0977402 0 0 0 0 0 0
0.605936 0.301338 0.0977402 0 0 0 0 0 0
0.608316 0.301293 0.0977402 0 0 0 0 0 0
0.614767 0.301172 0.0977402 0 0 0 0 0 0
0.616982 0.301131 0.0977402 0 0 0 0 0 0
0.623598 0.301007 0.0977402 0 0 0 0 0 0
0.625647 0.300968 0.0977402 0 0 0 0 0 0
0.632429 0.300841 0.0977402 0 0 0 0 0 0
0.634313 0.300806 0.0977402 0 0 0 0 0 0
0.64126 0.300676 0.0977402 0 0 0 0 0 0
0.642914 0.300645 0.0977402 0 0 0 0 0 0
0.642914 0.300645 0.0977402 0 0 0 0 0 0
0.642978 0.300643 0.0977402 0 0 0 0 0 0
0.65011 0.300491 0.0977402 0 0 0 0 0 0
0.651644 0.300458 0.0977402 0 0 0 0 0 0
0.658965 0.300302 0.0977402 0 0 0 0 0 0
0.660309 0.300273 0.0977402 0 0 0 0 0 0
0.66782 0.300113 0.0977402 0 0 0 0 0 0
0.668975 0.300088 0.0977402 0 0 0 0 0 0
0.676674 0.299923 0.0977402 0 0 0 0 0 0
0.67764 0.299903 0.0977402 0 0 0 0 0 0
0.685529 0.299734 0.0977402 0 0 0 0 0 0
0.686306 0.299718 0.0977402 0 0 0 0 0 0
0.694384 0.299545 0.0977402 0 0 0 0 0 0
0.694971 0.299533 0.0977402 0 0 0 0 0 0
0.703238 0.299356 0.0977402 0 0 0 0 0 0
0.703637 0.299347 0.0977402 0 0 0 0 0 0
0.704897 0.299321 0.0977402 0 0 0 0 0 0
0.704897 0.299321 0.0977402 0 0 0 0 0 0
0.705029 0.306231 0.0977402 0 0 0 0 0 0
0.705056 0.307623 0.0977402 0 0 0 0 0 0
0.705191 0.314734 0.0977402 0 0 0 0 0 0
0.705221 0.316289 0.0977402 0 0 0 0 0 0
0.705354 0.323237 0.0977402 0 0 0 0 0 0
0.705387 0.324954 0.0977402 0 0 0 0 0 0
0.705516 0.33174 0.0977402 0 0 0 0 0 0
0.705552 0.33362 0.0977402 0 0 0 0 0 0
0.705679 0.340243 0.0977402 0 0 0 0 0 0
0.705718 0.342285 0.0977402 0 0 0 0 0 0
0.705841 0.348747 0.0977402 0 0 0 0 0 0
0.705883 0.350951 0.0977402 0 0 0 0 0 0
0.706003 0.35725 0.0977402 0 0 0 0 0 0
0.706049 0.359616 0.0977402 0 0 0 0 0 0
0.706166 0.365753 0.0977402 0 0 0 0 0 0
0.706214 0.368282 0.0977402 0 0 0 0 0 0
0.706221 0.368645 0.0977402 0 0 0 0 0 0
0.706221 0.368645 0.0977402 0 0 0 0 0 0
0.703637 0.368693 0.0977402 0 0 0 0 0 0
0.703218 0.368701 0.0977402 0 0 0 0 0 0
0.694971 0.368856 0.0977402 0 0 0 0 0 0
0.694387 0.368867 0.0977402 0 0 0 0 0 0
0.686306 0.369018 0.0977402 0 0 0 0 0 0
0.685556 0.369032 0.0977402 0 0 0 0 0 0
0.67764 0.36918 0.0977402 0 0 0 0 0 0
0.676725 0.369198 0.0977402 0 0 0 0 0 0
0.668975 0.369343 0.0977402 0 0 0 0 0 0
0.667893 0.369363 0.0977402 0 0 0 0 0 0
0.660309 0.369505 0.0977402 0 0 0 0 0 0
0.659062 0.369529 0.0977402 0 0 0 0 0 0
0.651644 0.369668 0.0977402 0 0 0 0 0 0
0.650231 0.369694 0.0977402 0 0 0 0 0 0
0.642978 0.36983 0.0977402 0 0 0 0 0 0
0.6414 0.36986 0.0977402 0 0 0 0 0 0
0.635573 0.369969 0.0977402 0 0 0 0 0 0
0.635573 0.369969 0.0977402 0 0 0 0 0 0
0.634313 0.369996 0.0977402 0 0 0 0 0 0
0.632561 0.370033 0.0977402 0 0 0 0 0 0
0.625647 0.370181 0.0977402 0 0 0 0 0 0
0.623707 0.370222 0.0977402 0 0 0 0 0 0
0.616982 0.370366 0.0977402 0 0 0 0 0 0
0.614852 0.370411 0.0977402 0 0 0 0 0 0
0.608316 0.370551 0.0977402 0 0 0 0 0 0
0.605997 0.370601 0.0977402 0 0 0 0 0 0
0.599651 0.370736 0.0977402 0 0 0 0 0 0
0.597143 0.37079 0.0977402 0 0 0 0 0 0
0.590985 0.370921 0.0977402 0 0 0 0 0 0
0.588288 0.370979 0.0977402 0 0 0 0 0 0
0.58232 0.371106 0.0977402 0 0 0 0 0 0
0.579433 0.371168 0.0977402 0 0 0 0 0 0
0.573654 0.371292 0.0977402 0 0 0 0 0 0
0.57359 0.371293 0.0977402 0 0 0 0 0 0
0.57359 0.371293 0.0977402 0 0 0 0 0 0
0.570587 0.371349 0.0977402 0 0 0 0 0 0
0.564989 0.371454 0.0977402 0 0 0 0 0 0
0.561756 0.371515 0.0977402 0 0 0 0 0 0
0.556323 0.371617 0.0977402 0 0 0 0 0 0
0.552925 0.37168 0.0977402 0 0 0 0 0 0
0.547658 0.371779 0.0977402 0 0 0 0 0 0
0.544094 0.371846 0.0977402 0 0 0 0 0 0
0.538992 0.371941 0.0977402 0 0 0 0 0 0
0.535262 0.372011 0.0977402 0 0 0 0 0 0
0.530327 0.372104 0.0977402 0 0 0 0 0 0
0.526431 0.372177 0.0977402 0 0 0 0 0 0
0.521661 0.372266 0.0977402 0 0 0 0 0 0
0.5176 0.372342 0.0977402 0 0 0 0 0 0
0.512996 0.372429 0.0977402 0 0 0 0 0 0
0.508769 0.372508 0.0977402 0 0 0 0 0 0
0.50433 0.372591 0.0977402 0 0 0 0 0 0
0.502942 0.372617 0.0977402 0 0 0 0 0 0
0.502942 0.372617 0.0977402 0 0 0 0 0 0
0.499938 0.372673 0.0977402 0 0 0 0 0 0
0.495665 0.372753 0.0977402 0 0 0 0 0 0
0.491107 0.372839 0.0977402 0 0 0 0 0 0
0.486999 0.372916 0.0977402 0 0 0 0 0 0
0.482276 0.373004 0.0977402 0 0 0 0 0 0
0.478334 0.373078 0.0977402 0 0 0 0 0 0
0.473445 0.37317 0.0977402 0 0 0 0 0 0
0.469668 0.373241 0.0977402 0 0 0 0 0 0
0.464614 0.373335 0.0977402 0 0 0 0 0 0
0.461002 0.373403 0.0977402 0 0 0 0 0 0
0.455783 0.373501 0.0977402 0 0 0 0 0 0
0.452337 0.373566 0.0977402 0 0 0 0 0 0
0.446952 0.373667 0.0977402 0 0 0 0 0 0
0.443671 0.373728 0.0977402 0 0 0 0 0 0
0.438121 0.373832 0.0977402 0 0 0 0 0 0
0.435006 0.37389 0.0977402 0 0 0 0 0 0
0.432293 0.373941 0.0977402 0 0 0 0 0 0
0.432293 0.373941 0.0977402 0 0 0 0 0 0
0.42929 0.373998 0.0977402 0 0 0 0 0 0
0.42634 0.374053 0.0977402 0 0 0 0 0 0
0.420459 0.374163 0.0977402 0 0 0 0 0 0
0.417675 0.374215 0.0977402 0 0 0 0 0 0
0.411628 0.374329 0.0977402 0 0 0 0 0 0
0.409009 0.374378 0.0977402 0 0 0 0 0 0
0.402797 0.374494 0.0977402 0 0 0 0 0 0
0.400344 0.37454 0.0977402 0 0 0 0 0 0
0.393966 0.37466 0.0977402 0 0 0 0 0 0
0.391678 0.374702 0.0977402 0 0 0 0 0 0
0.385135 0.374825 0.0977402 0 0 0 0 0 0
0.383013 0.374865 0.0977402 0 0 0 0 0 0
0.376304 0.374991 0.0977402 0 0 0 0 0 0
0.374347 0.375027 0.0977402 0 0 0 0 0 0
0.367473 0.375156 0.0977402 0 0 0 0 0 0
0.365682 0.37519 0.0977402 0 0 0 0 0 0
0.361645 0.375265 0.0977402 0 0 0 0 0 0
0.361645 0.375265 0.0977402 0 0 0 0 0 0
0.358642 0.375322 0.0977402 0 0 0 0 0 0
0.357016 0.375352 0.0977402 0 0 0 0 0 0
0.349811 0.375487 0.0977402 0 0 0 0 0 0
0.348351 0.375515 0.0977402 0 0 0 0 0 0
0.34098 0.375653 0.0977402 0 0 0 0 0 0
0.339685 0.375677 0.0977402 0 0 0 0 0 0
0.332149 0.375818 0.0977402 0 0 0 0 0 0
0.33102 0.375839 0.0977402 0 0 0 0 0 0
0.323318 0.375984 0.0977402 0 0 0 0 0 0
0.322354 0.376002 0.0977402 0 0 0 0 0 0
0.314487 0.376149 0.0977402 0 0 0 0 0 0
0.313689 0.376164 0.0977402 0 0 0 0 0 0
0.305656 0.376315 0.0977402 0 0 0 0 0 0
0.305023 0.376327 0.0977402 0 0 0 0 0 0
0.296824 0.37648 0.0977402 0 0 0 0 0 0
0.296358 0.376489 0.0977402 0 0 0 0 0 0
0.290997 0.37659 0.0977402 0 0 0 0 0 0
0.290997 0.37659 0.0977402 0 0 0 0 0 0
0.291004 0.376947 0.0977402 0 0 0 0 0 0
0.291104 0.382201 0.0977402 0 0 0 0 0 0
0.291169 0.385613 0.0977402 0 0 0 0 0 0
0.291267 0.390704 0.0977402 0 0 0 0 0 0
0.291335 0.394278 0.0977402 0 0 0 0 0 0
0.291429 0.399207 0.0977402 0 0 0 0 0 0
0.2915 0.402944 0.0977402 0 0 0 0 0 0
0.291591 0.40771 0.0977402 0 0 0 0 0 0
0.291666 0.411609 0.0977402 0 0 0 0 0 0
0.291754 0.416213 0.0977402 0 0 0 0 0 0
0.291831 0.420275 0.0977402 0 0 0 0 0 0
0.291916 0.424716 0.0977402 0 0 0 0 0 0
0.291997 0.42894 0.0977402 0 0 0 0 0 0
0.292079 0.433219 0.0977402 0 0 0 0 0 0
0.292162 0.437606 0.0977402 0 0 0 0 0 0
0.292241 0.441722 0.0977402 0 0 0 0 0 0
0.292321 0.445914 0.0977402 0 0 0 0 0 0
0.292321 0.445914 0.0977402 0 0 0 0 0 0
0.296358 0.445838 0.0977402 0 0 0 0 0 0
0.296799 0.44583 0.0977402 0 0 0 0 0 0
0.305023 0.445676 0.0977402 0 0 0 0 0 0
0.30563 0.445664 0.0977402 0 0 0 0 0 0
0.313689 0.445513 0.0977402 0 0 0 0 0 0
0.314461 0.445499 0.0977402 0 0 0 0 0 0
0.322354 0.445351 0.0977402 0 0 0 0 0 0
0.323292 0.445333 0.0977402 0 0 0 0 0 0
0.33102 0.445188 0.0977402 0 0 0 0 0 0
0.332123 0.445168 0.0977402 0 0 0 0 0 0
0.339685 0.445026 0.0977402 0 0 0 0 0 0
0.340954 0.445002 0.0977402 0 0 0 0 0 0
0.348351 0.444864 0.0977402 0 0 0 0 0 0
0.349785 0.444837 0.0977402 0 0 0 0 0 0
0.357016 0.444701 0.0977402 0 0 0 0 0 0
0.358616 0.444671 0.0977402 0 0 0 0 0 0
0.362969 0.44459 0.0977402 0 0 0 0 0 0
0.362969 0.44459 0.0977402 0 0 0 0 0 0
0.365682 0.444539 0.0977402 0 0 0 0 0 0
0.367447 0.444506 0.0977402 0 0 0 0 0 0
0.374347 0.444376 0.0977402 0 0 0 0 0 0
0.376279 0.44434 0.0977402 0 0 0 0 0 0
0.383013 0.444214 0.0977402 0 0 0 0 0 0
0.38511 0.444175 0.0977402 0 0 0 0 0 0
0.391678 0.444051 0.0977402 0 0 0 0 0 0
0.393941 0.444009 0.0977402 0 0 0 0 0 0
0.400344 0.443889 0.0977402 0 0 0 0 0 0
0.402772 0.443844 0.0977402 0 0 0 0 0 0
0.409009 0.443727 0.0977402 0 0 0 0 0 0
0.411603 0.443678 0.0977402 0 0 0 0 0 0
0.417675 0.443564 0.0977402 0 0 0 0 0 0
0.420434 0.443513 0.0977402 0 0 0 0 0 0
0.42634 0.443402 0.0977402 0 0 0 0 0 0
0.429265 0.443347 0.0977402 0 0 0 0 0 0
0.433618 0.443265 0.0977402 0 0 0 0 0 0
0.433618 0.443265 0.0977402 0 0 0 0 0 0
0.435006 0.443239 0.0977402 0 0 0 0 0 0
0.438096 0.443182 0.0977402 0 0 0 0 0 0
0.443671 0.443077 0.0977402 0 0 0 0 0 0
0.446927 0.443016 0.0977402 0 0 0 0 0 0
0.452337 0.442915 0.0977402 0 0 0 0 0 0
0.455758 0.44285 0.0977402 0 0 0 0 0 0
0.461002 0.442752 0.0977402 0 0 0 0 0 0
0.464589 0.442685 0.0977402 0 0 0 0 0 0
0.469668 0.44259 0.0977402 0 0 0 0 0 0
0.47342 0.442519 0.0977402 0 0 0 0 0 0
0.478334 0.442427 0.0977402 0 0 0 0 0 0
0.482251 0.442354 0.0977402 0 0 0 0 0 0
0.486999 0.442265 0.0977402 0 0 0 0 0 0
0.491082 0.442188 0.0977402 0 0 0 0 0 0
0.495665 0.442102 0.0977402 0 0 0 0 0 0
0.499913 0.442023 0.0977402 0 0 0 0 0 0
0.504266 0.441941 0.0977402 0 0 0 0 0 0
0.504266 0.441941 0.0977402 0 0 0 0 0 0
0.50433 0.44194 0.0977402 0 0 0 0 0 0
0.508756 0.441845 0.0977402 0 0 0 0 0 0
0.512996 0.441755 0.0977402 0 0 0 0 0 0
0.517611 0.441656 0.0977402 0 0 0 0 0 0
0.521661 0.44157 0.0977402 0 0 0 0 0 0
0.526465 0.441467 0.0977402 0 0 0 0 0 0
0.530327 0.441385 0.0977402 0 0 0 0 0 0
0.53532 0.441278 0.0977402 0 0 0 0 0 0
0.538992 0.441199 0.0977402 0 0 0 0 0 0
0.544175 0.441089 0.0977402 0 0 0 0 0 0
0.547658 0.441014 0.0977402 0 0 0 0 0 0
0.553029 0.4409 0.0977402 0 0 0 0 0 0
0.556323 0.440829 0.0977402 0 0 0 0 0 0
0.561884 0.44071 0.0977402 0 0 0 0 0 0
0.564989 0.440644 0.0977402 0 0 0 0 0 0
0.566249 0.440617 0.0977402 0 0 0 0 0 0
0.566249 0.440617 0.0977402 0 0 0 0 0 0
0.570727 0.440533 0.0977402 0 0 0 0 0 0
0.573654 0.440478 0.0977402 0 0 0 0 0 0
0.579558 0.440368 0.0977402 0 0 0 0 0 0
0.58232 0.440316 0.0977402 0 0 0 0 0 0
0.588389 0.440202 0.0977402 0 0 0 0 0 0
0.590985 0.440153 0.0977402 0 0 0 0 0 0
0.59722 0.440037 0.0977402 0 0 0 0 0 0
0.599651 0.439991 0.0977402 0 0 0 0 0 0
0.606051 0.439871 0.0977402 0 0 0 0 0 0
0.608316 0.439829 0.0977402 0 0 0 0 0 0
0.614882 0.439706 0.0977402 0 0 0 0 0 0
0.616982 0.439666 0.0977402 0 0 0 0 0 0
0.623713 0.43954 0.0977402 0 0 0 0 0 0
0.625647 0.439504 0.0977402 0 0 0 0 0 0
0.632544 0.439375 0.0977402 0 0 0 0 0 0
0.634313 0.439341 0.0977402 0 0 0 0 0 0
0.636897 0.439293 0.0977402 0 0 0 0 0 0
0.636897 0.439293 0.0977402 0 0 0 0 0 0
0.641375 0.439209 0.0977402 0 0 0 0 0 0
0.642978 0.439179 0.0977402 0 0 0 0 0 0
0.650206 0.439044 0.0977402 0 0 0 0 0 0
0.651644 0.439017 0.0977402 0 0 0 0 0 0
0.659037 0.438878 0.0977402 0 0 0 0 0 0
0.660309 0.438854 0.0977402 0 0 0 0 0 0
0.667868 0.438713 0.0977402 0 0 0 0 0 0
0.668975 0.438692 0.0977402 0 0 0 0 0 0
0.676699 0.438547 0.0977402 0 0 0 0 0 0
0.67764 0.438529 0.0977402 0 0 0 0 0 0
0.68553 0.438381 0.0977402 0 0 0 0 0 0
0.686306 0.438367 0.0977402 0 0 0 0 0 0
0.694361 0.438216 0.0977402 0 0 0 0 0 0
0.694971 0.438205 0.0977402 0 0 0 0 0 0
0.703192 0.43805 0.0977402 0 0 0 0 0 0
0.703637 0.438042 0.0977402 0 0 0 0 0 0
0.707545 0.437969 0.0977402 0 0 0 0 0 0
