754.961 457.036 118.196 0 0 1.57 0 0 0
755.1 457.155 118.235 0 0 1.57 0 0 0
756.045 457.957 118.504 0 0 1.57 0 0 0
756.085 457.991 118.515 0 0 1.57 0 0 0
756.139 458.037 118.531 0 0 1.57 0 0 0
756.851 458.645 118.725 0 0 1.57 0 0 0
757.389 459.105 118.867 0 0 1.57 0 0 0
757.981 459.613 119.019 0 0 1.57 0 0 0
758.498 460.059 119.147 0 0 1.57 0 0 0
759.178 460.645 119.313 0 0 1.57 0 0 0
759.822 461.199 119.475 0 0 1.57 0 0 0
760.089 461.43 119.54 0 0 1.57 0 0 0
760.332 461.64 119.599 0 0 1.57 0 0 0
761.046 462.258 119.767 0 0 1.57 0 0 0
761.663 462.794 119.906 0 0 1.57 0 0 0
762.031 463.114 119.987 0 0 1.57 0 0 0
762.452 463.482 120.078 0 0 1.57 0 0 0
762.976 463.94 120.188 0 0 1.57 0 0 0
763.505 464.401 120.303 0 0 1.57 0 0 0
763.948 464.789 120.396 0 0 1.57 0 0 0
764.632 465.387 120.538 0 0 1.57 0 0 0
765.025 465.731 120.621 0 0 1.57 0 0 0
765.717 466.34 120.753 0 0 1.57 0 0 0
765.772 466.388 120.763 0 0 1.57 0 0 0
766.882 467.369 120.967 0 0 1.57 0 0 0
767.067 467.533 121.001 0 0 1.57 0 0 0
767.188 467.64 121.023 0 0 1.57 0 0 0
768.034 468.39 121.17 0 0 1.57 0 0 0
768.726 469.006 121.285 0 0 1.57 0 0 0
768.886 469.149 121.311 0 0 1.57 0 0 0
769.029 469.276 121.334 0 0 1.57 0 0 0
769.053 469.297 121.337 0 0 1.57 0 0 0
769.053 469.297 121.337 0 0 1.57 0 0 0
769.771 470.099 121.491 0 0 1.57 0 0 0
770.443 470.847 121.636 0 0 1.57 0 0 0
770.645 471.073 121.678 0 0 1.57 0 0 0
770.87 471.325 121.723 0 0 1.57 0 0 0
771.513 472.046 121.848 0 0 1.57 0 0 0
772.085 472.689 121.959 0 0 1.57 0 0 0
772.353 472.99 122.009 0 0 1.57 0 0 0
772.692 473.372 122.072 0 0 1.57 0 0 0
773.269 474.023 122.176 0 0 1.57 0 0 0
773.766 474.584 122.262 0 0 1.57 0 0 0
774.073 474.932 122.314 0 0 1.57 0 0 0
774.553 475.477 122.392 0 0 1.57 0 0 0
774.797 475.754 122.431 0 0 1.57 0 0 0
775.101 476.099 122.479 0 0 1.57 0 0 0
775.894 477 122.605 0 0 1.57 0 0 0
776.104 477.239 122.635 0 0 1.57 0 0 0
776.641 477.854 122.709 0 0 1.57 0 0 0
777.093 478.371 122.769 0 0 1.57 0 0 0
777.732 479.103 122.853 0 0 1.57 0 0 0
778.236 479.682 122.918 0 0 1.57 0 0 0
778.415 479.886 122.941 0 0 1.57 0 0 0
778.56 480.055 122.957 0 0 1.57 0 0 0
779.24 480.839 123.031 0 0 1.57 0 0 0
780.073 481.8 123.122 0 0 1.57 0 0 0
780.122 481.857 123.127 0 0 1.57 0 0 0
780.151 481.891 123.13 0 0 1.57 0 0 0
780.966 482.835 123.208 0 0 1.57 0 0 0
781.742 483.737 123.277 0 0 1.57 0 0 0
781.824 483.833 123.283 0 0 1.57 0 0 0
781.919 483.944 123.291 0 0 1.57 0 0 0
782.673 484.825 123.346 0 0 1.57 0 0 0
783.098 485.321 123.377 0 0 1.57 0 0 0
783.098 485.321 123.377 0 0 1.57 0 0 0
783.377 485.579 123.384 0 0 1.57 0 0 0
783.576 485.763 123.388 0 0 1.57 0 0 0
783.76 485.934 123.391 0 0 1.57 0 0 0
784.53 486.65 123.397 0 0 1.57 0 0 0
785.357 487.42 123.402 0 0 1.57 0 0 0
785.484 487.538 123.402 0 0 1.57 0 0 0
785.602 487.648 123.402 0 0 1.57 0 0 0
786.436 488.428 123.396 0 0 1.57 0 0 0
787.326 489.262 123.386 0 0 1.57 0 0 0
787.386 489.318 123.385 0 0 1.57 0 0 0
787.443 489.372 123.384 0 0 1.57 0 0 0
788.335 490.211 123.36 0 0 1.57 0 0 0
789.282 491.103 123.336 0 0 1.57 0 0 0
789.283 491.104 123.336 0 0 1.57 0 0 0
789.285 491.106 123.336 0 0 1.57 0 0 0
790.229 492 123.293 0 0 1.57 0 0 0
791.126 492.851 123.253 0 0 1.57 0 0 0
791.167 492.89 123.251 0 0 1.57 0 0 0
791.218 492.939 123.248 0 0 1.57 0 0 0
792.12 493.798 123.194 0 0 1.57 0 0 0
792.979 494.618 123.139 0 0 1.57 0 0 0
793.054 494.688 123.134 0 0 1.57 0 0 0
793.161 494.792 123.126 0 0 1.57 0 0 0
794.023 495.618 123.058 0 0 1.57 0 0 0
794.812 496.376 122.996 0 0 1.57 0 0 0
794.935 496.493 122.986 0 0 1.57 0 0 0
795.074 496.627 122.973 0 0 1.57 0 0 0
795.725 497.255 122.91 0 0 1.57 0 0 0
796.68 498.179 122.814 0 0 1.57 0 0 0
796.847 498.34 122.797 0 0 1.57 0 0 0
796.949 498.438 122.787 0 0 1.57 0 0 0
796.949 498.438 122.787 0 0 1.57 0 0 0
797.352 498.764 122.736 0 0 1.57 0 0 0
797.73 499.068 122.688 0 0 1.57 0 0 0
797.813 499.135 122.677 0 0 1.57 0 0 0
798.205 499.453 122.621 0 0 1.57 0 0 0
798.939 500.049 122.516 0 0 1.57 0 0 0
799.109 500.186 122.491 0 0 1.57 0 0 0
799.261 500.31 122.469 0 0 1.57 0 0 0
799.886 500.818 122.375 0 0 1.57 0 0 0
800.293 501.15 122.313 0 0 1.57 0 0 0
800.823 501.581 122.23 0 0 1.57 0 0 0
801.509 502.142 122.118 0 0 1.57 0 0 0
801.92 502.478 122.05 0 0 1.57 0 0 0
802.175 502.687 122.006 0 0 1.57 0 0 0
802.892 503.276 121.879 0 0 1.57 0 0 0
803.766 503.993 121.725 0 0 1.57 0 0 0
803.903 504.106 121.7 0 0 1.57 0 0 0
804.016 504.199 121.679 0 0 1.57 0 0 0
804.912 504.939 121.505 0 0 1.57 0 0 0
805.857 505.72 121.32 0 0 1.57 0 0 0
805.905 505.76 121.31 0 0 1.57 0 0 0
805.996 505.834 121.292 0 0 1.57 0 0 0
806.796 506.499 121.127 0 0 1.57 0 0 0
807.492 507.077 120.979 0 0 1.57 0 0 0
808.211 507.676 120.823 0 0 1.57 0 0 0
808.523 507.936 120.753 0 0 1.57 0 0 0
808.951 508.294 120.653 0 0 1.57 0 0 0
809.474 508.732 120.533 0 0 1.57 0 0 0
809.826 509.027 120.449 0 0 1.57 0 0 0
810.314 509.436 120.334 0 0 1.57 0 0 0
810.977 509.993 120.172 0 0 1.57 0 0 0
811.382 510.334 120.072 0 0 1.57 0 0 0
811.937 510.803 119.928 0 0 1.57 0 0 0
812.597 511.359 119.762 0 0 1.57 0 0 0
812.936 511.645 119.674 0 0 1.57 0 0 0
813.076 511.764 119.637 0 0 1.57 0 0 0
813.076 511.764 119.637 0 0 1.57 0 0 0
813.223 511.936 119.6 0 0 1.57 0 0 0
813.745 512.55 119.465 0 0 1.57 0 0 0
814.299 513.2 119.322 0 0 1.57 0 0 0
814.563 513.512 119.251 0 0 1.57 0 0 0
814.873 513.878 119.167 0 0 1.57 0 0 0
815.857 515.039 118.899 0 0 1.57 0 0 0
815.858 515.04 118.899 0 0 1.57 0 0 0
815.859 515.041 118.899 0 0 1.57 0 0 0
815.859 515.042 118.899 0 0 1.57 0 0 0
816.498 515.803 118.707 0 0 1.57 0 0 0
816.906 516.288 118.586 0 0 1.57 0 0 0
817.178 516.611 118.504 0 0 1.57 0 0 0
817.406 516.883 118.436 0 0 1.57 0 0 0
818.011 517.606 118.248 0 0 1.57 0 0 0
818.747 518.487 118.016 0 0 1.57 0 0 0
818.853 518.615 117.981 0 0 1.57 0 0 0
818.945 518.724 117.952 0 0 1.57 0 0 0
819.685 519.616 117.703 0 0 1.57 0 0 0
820.474 520.566 117.438 0 0 1.57 0 0 0
820.519 520.62 117.422 0 0 1.57 0 0 0
820.571 520.683 117.404 0 0 1.57 0 0 0
820.711 520.853 117.354 0 0 1.57 0 0 0
821.472 521.774 117.084 0 0 1.57 0 0 0
821.668 522.013 117.011 0 0 1.57 0 0 0
821.993 522.407 116.893 0 0 1.57 0 0 0
822.254 522.725 116.796 0 0 1.57 0 0 0
822.43 522.94 116.73 0 0 1.57 0 0 0
823.02 523.659 116.507 0 0 1.57 0 0 0
823.503 524.249 116.322 0 0 1.57 0 0 0
823.848 524.672 116.186 0 0 1.57 0 0 0
824.272 525.191 116.018 0 0 1.57 0 0 0
824.642 525.647 115.868 0 0 1.57 0 0 0
825.003 526.09 115.723 0 0 1.57 0 0 0
825.375 526.548 115.57 0 0 1.57 0 0 0
825.692 526.938 115.439 0 0 1.57 0 0 0
826.088 527.428 115.27 0 0 1.57 0 0 0
826.088 527.428 115.27 0 0 1.57 0 0 0
825.638 527.891 115.421 0 0 1.57 0 0 0
825.598 527.932 115.434 0 0 1.57 0 0 0
824.272 529.284 115.844 0 0 1.57 0 0 0
823.792 529.773 115.989 0 0 1.57 0 0 0
822.43 531.154 116.392 0 0 1.57 0 0 0
821.975 531.614 116.522 0 0 1.57 0 0 0
820.791 532.806 116.848 0 0 1.57 0 0 0
820.559 533.039 116.909 0 0 1.57 0 0 0
820.146 533.456 117.024 0 0 1.57 0 0 0
819.894 533.708 117.09 0 0 1.57 0 0 0
819.76 533.843 117.128 0 0 1.57 0 0 0
819.36 534.242 117.225 0 0 1.57 0 0 0
818.819 534.781 117.361 0 0 1.57 0 0 0
818.406 535.193 117.462 0 0 1.57 0 0 0
816.906 536.682 117.82 0 0 1.57 0 0 0
816.444 537.139 117.925 0 0 1.57 0 0 0
815.065 538.498 118.225 0 0 1.57 0 0 0
814.524 539.029 118.339 0 0 1.57 0 0 0
813.206 540.318 118.604 0 0 1.57 0 0 0
812.691 540.821 118.704 0 0 1.57 0 0 0
811.972 541.52 118.838 0 0 1.57 0 0 0
811.719 541.766 118.883 0 0 1.57 0 0 0
811.719 541.766 118.883 0 0 1.57 0 0 0
811.354 541.36 119.042 0 0 1.57 0 0 0
811.135 541.116 119.138 0 0 1.57 0 0 0
811.033 541.003 119.181 0 0 1.57 0 0 0
810.869 540.821 119.251 0 0 1.57 0 0 0
810.302 540.192 119.486 0 0 1.57 0 0 0
809.54 539.347 119.804 0 0 1.57 0 0 0
809.366 539.154 119.875 0 0 1.57 0 0 0
809.209 538.98 119.94 0 0 1.57 0 0 0
808.492 538.187 120.226 0 0 1.57 0 0 0
807.613 537.216 120.574 0 0 1.57 0 0 0
807.609 537.211 120.576 0 0 1.57 0 0 0
807.606 537.208 120.577 0 0 1.57 0 0 0
807.6 537.202 120.579 0 0 1.57 0 0 0
806.954 536.489 120.829 0 0 1.57 0 0 0
806.646 536.149 120.944 0 0 1.57 0 0 0
805.872 535.297 121.233 0 0 1.57 0 0 0
805.865 535.289 121.236 0 0 1.57 0 0 0
805.857 535.281 121.239 0 0 1.57 0 0 0
804.987 534.326 121.549 0 0 1.57 0 0 0
804.195 533.456 121.832 0 0 1.57 0 0 0
804.11 533.362 121.862 0 0 1.57 0 0 0
804.016 533.26 121.894 0 0 1.57 0 0 0
803.183 532.348 122.175 0 0 1.57 0 0 0
802.512 531.614 122.399 0 0 1.57 0 0 0
802.438 531.535 122.423 0 0 1.57 0 0 0
802.385 531.476 122.441 0 0 1.57 0 0 0
802.268 531.348 122.478 0 0 1.57 0 0 0
801.576 530.594 122.702 0 0 1.57 0 0 0
801.3 530.293 122.788 0 0 1.57 0 0 0
800.823 529.773 122.937 0 0 1.57 0 0 0
800.566 529.494 123.014 0 0 1.57 0 0 0
800.333 529.241 123.084 0 0 1.57 0 0 0
799.705 528.559 123.269 0 0 1.57 0 0 0
799.127 527.932 123.439 0 0 1.57 0 0 0
798.822 527.601 123.526 0 0 1.57 0 0 0
798.492 527.243 123.619 0 0 1.57 0 0 0
798.345 527.084 123.659 0 0 1.57 0 0 0
798.345 527.084 123.659 0 0 1.57 0 0 0
797.9 526.682 123.778 0 0 1.57 0 0 0
797.245 526.09 123.95 0 0 1.57 0 0 0
796.932 525.808 124.03 0 0 1.57 0 0 0
796.65 525.554 124.102 0 0 1.57 0 0 0
796.086 525.044 124.245 0 0 1.57 0 0 0
795.454 524.475 124.402 0 0 1.57 0 0 0
795.202 524.249 124.463 0 0 1.57 0 0 0
794.574 523.684 124.609 0 0 1.57 0 0 0
793.968 523.14 124.745 0 0 1.57 0 0 0
793.152 522.407 124.93 0 0 1.57 0 0 0
793.051 522.317 124.952 0 0 1.57 0 0 0
792.968 522.242 124.971 0 0 1.57 0 0 0
792.083 521.45 125.157 0 0 1.57 0 0 0
791.126 520.595 125.353 0 0 1.57 0 0 0
791.111 520.581 125.356 0 0 1.57 0 0 0
791.093 520.566 125.36 0 0 1.57 0 0 0
790.137 519.713 125.543 0 0 1.57 0 0 0
789.285 518.953 125.703 0 0 1.57 0 0 0
789.164 518.845 125.725 0 0 1.57 0 0 0
789.028 518.724 125.749 0 0 1.57 0 0 0
788.189 517.979 125.892 0 0 1.57 0 0 0
787.443 517.317 126.018 0 0 1.57 0 0 0
787.261 517.156 126.048 0 0 1.57 0 0 0
786.954 516.883 126.099 0 0 1.57 0 0 0
786.46 516.445 126.177 0 0 1.57 0 0 0
786.091 516.119 126.232 0 0 1.57 0 0 0
785.307 515.426 126.345 0 0 1.57 0 0 0
785.101 515.243 126.375 0 0 1.57 0 0 0
785.002 515.156 126.388 0 0 1.57 0 0 0
784.872 515.042 126.407 0 0 1.57 0 0 0
784.154 514.408 126.503 0 0 1.57 0 0 0
783.76 514.061 126.554 0 0 1.57 0 0 0
783.303 513.658 126.609 0 0 1.57 0 0 0
782.782 513.2 126.674 0 0 1.57 0 0 0
782.473 512.928 126.709 0 0 1.57 0 0 0
782.473 512.928 126.709 0 0 1.57 0 0 0
782.357 512.793 126.72 0 0 1.57 0 0 0
781.919 512.281 126.764 0 0 1.57 0 0 0
781.493 511.785 126.802 0 0 1.57 0 0 0
781.128 511.359 126.837 0 0 1.57 0 0 0
780.643 510.794 126.877 0 0 1.57 0 0 0
780.078 510.137 126.919 0 0 1.57 0 0 0
779.791 509.804 126.938 0 0 1.57 0 0 0
779.544 509.517 126.956 0 0 1.57 0 0 0
778.938 508.815 126.992 0 0 1.57 0 0 0
778.236 508.002 127.033 0 0 1.57 0 0 0
778.085 507.827 127.04 0 0 1.57 0 0 0
777.954 507.676 127.046 0 0 1.57 0 0 0
777.23 506.84 127.072 0 0 1.57 0 0 0
776.395 505.876 127.102 0 0 1.57 0 0 0
776.375 505.854 127.102 0 0 1.57 0 0 0
776.359 505.834 127.103 0 0 1.57 0 0 0
775.519 504.869 127.118 0 0 1.57 0 0 0
774.757 503.993 127.127 0 0 1.57 0 0 0
774.662 503.884 127.127 0 0 1.57 0 0 0
774.553 503.759 127.128 0 0 1.57 0 0 0
773.804 502.901 127.125 0 0 1.57 0 0 0
773.15 502.152 127.121 0 0 1.57 0 0 0
772.945 501.918 127.118 0 0 1.57 0 0 0
772.712 501.651 127.113 0 0 1.57 0 0 0
772.085 500.937 127.096 0 0 1.57 0 0 0
771.536 500.31 127.081 0 0 1.57 0 0 0
771.225 499.956 127.07 0 0 1.57 0 0 0
770.87 499.553 127.057 0 0 1.57 0 0 0
770.363 498.976 127.034 0 0 1.57 0 0 0
770.208 498.8 127.026 0 0 1.57 0 0 0
770.208 498.8 127.026 0 0 1.57 0 0 0
769.841 498.469 127.017 0 0 1.57 0 0 0
769.414 498.084 127.004 0 0 1.57 0 0 0
769.029 497.736 126.992 0 0 1.57 0 0 0
768.446 497.211 126.97 0 0 1.57 0 0 0
767.798 496.627 126.945 0 0 1.57 0 0 0
767.476 496.338 126.93 0 0 1.57 0 0 0
767.188 496.079 126.915 0 0 1.57 0 0 0
766.506 495.468 126.875 0 0 1.57 0 0 0
765.745 494.786 126.831 0 0 1.57 0 0 0
765.532 494.595 126.816 0 0 1.57 0 0 0
765.346 494.429 126.804 0 0 1.57 0 0 0
764.562 493.728 126.747 0 0 1.57 0 0 0
763.684 492.944 126.677 0 0 1.57 0 0 0
763.602 492.871 126.67 0 0 1.57 0 0 0
763.505 492.784 126.661 0 0 1.57 0 0 0
762.657 492.03 126.582 0 0 1.57 0 0 0
761.804 491.271 126.502 0 0 1.57 0 0 0
761.635 491.121 126.484 0 0 1.57 0 0 0
761.449 490.956 126.464 0 0 1.57 0 0 0
760.833 490.41 126.395 0 0 1.57 0 0 0
760.341 489.974 126.339 0 0 1.57 0 0 0
759.822 489.515 126.278 0 0 1.57 0 0 0
759.194 488.961 126.199 0 0 1.57 0 0 0
758.57 488.41 126.119 0 0 1.57 0 0 0
757.981 487.89 126.038 0 0 1.57 0 0 0
757.695 487.639 125.996 0 0 1.57 0 0 0
757.447 487.42 125.961 0 0 1.57 0 0 0
756.751 486.808 125.857 0 0 1.57 0 0 0
756.139 486.271 125.766 0 0 1.57 0 0 0
755.771 485.947 125.706 0 0 1.57 0 0 0
755.35 485.579 125.639 0 0 1.57 0 0 0
754.789 485.088 125.543 0 0 1.57 0 0 0
754.298 484.658 125.46 0 0 1.57 0 0 0
754.298 484.658 125.46 0 0 1.57 0 0 0
754.298 484.658 125.46 0 0 1.57 0 0 0
753.842 484.193 125.365 0 0 1.57 0 0 0
753.394 483.737 125.274 0 0 1.57 0 0 0
752.929 483.265 125.175 0 0 1.57 0 0 0
752.456 482.784 125.071 0 0 1.57 0 0 0
752.015 482.337 124.969 0 0 1.57 0 0 0
751.58 481.896 124.871 0 0 1.57 0 0 0
751.156 481.466 124.771 0 0 1.57 0 0 0
750.615 480.917 124.646 0 0 1.57 0 0 0
750.389 480.689 124.591 0 0 1.57 0 0 0
750.25 480.548 124.557 0 0 1.57 0 0 0
749.94 480.236 124.477 0 0 1.57 0 0 0
749.404 479.695 124.339 0 0 1.57 0 0 0
749.146 479.435 124.271 0 0 1.57 0 0 0
748.773 479.059 124.173 0 0 1.57 0 0 0
748.342 478.626 124.055 0 0 1.57 0 0 0
747.933 478.213 123.95 0 0 1.57 0 0 0
747.434 477.711 123.815 0 0 1.57 0 0 0
746.932 477.205 123.679 0 0 1.57 0 0 0
746.516 476.788 123.561 0 0 1.57 0 0 0
746.101 476.372 123.442 0 0 1.57 0 0 0
745.596 475.866 123.292 0 0 1.57 0 0 0
745.09 475.36 123.14 0 0 1.57 0 0 0
744.676 474.945 123.011 0 0 1.57 0 0 0
744.199 474.468 122.868 0 0 1.57 0 0 0
743.844 474.113 122.759 0 0 1.57 0 0 0
743.67 473.939 122.708 0 0 1.57 0 0 0
743.309 473.578 122.594 0 0 1.57 0 0 0
743.016 473.285 122.507 0 0 1.57 0 0 0
742.839 473.11 122.445 0 0 1.57 0 0 0
742.507 472.778 122.335 0 0 1.57 0 0 0
741.911 472.186 122.136 0 0 1.57 0 0 0
741.408 471.686 121.966 0 0 1.57 0 0 0
740.987 471.268 121.819 0 0 1.57 0 0 0
740.563 470.847 121.677 0 0 1.57 0 0 0
740.229 470.516 121.561 0 0 1.57 0 0 0
740.229 470.516 121.561 0 0 1.57 0 0 0
739.905 470.847 121.623 0 0 1.57 0 0 0
739.566 471.194 121.684 0 0 1.57 0 0 0
738.112 472.689 121.93 0 0 1.57 0 0 0
737.74 473.072 121.991 0 0 1.57 0 0 0
736.301 474.561 122.211 0 0 1.57 0 0 0
735.883 474.994 122.27 0 0 1.57 0 0 0
734.606 476.323 122.443 0 0 1.57 0 0 0
734.39 476.548 122.472 0 0 1.57 0 0 0
734.259 476.684 122.49 0 0 1.57 0 0 0
734.067 476.885 122.512 0 0 1.57 0 0 0
733.481 477.497 122.583 0 0 1.57 0 0 0
733.029 477.972 122.633 0 0 1.57 0 0 0
732.319 478.716 122.712 0 0 1.57 0 0 0
732.201 478.84 122.725 0 0 1.57 0 0 0
731.047 480.056 122.838 0 0 1.57 0 0 0
730.423 480.716 122.894 0 0 1.57 0 0 0
729.368 481.834 122.98 0 0 1.57 0 0 0
728.474 482.784 123.044 0 0 1.57 0 0 0
727.58 483.737 123.099 0 0 1.57 0 0 0
727.339 483.995 123.112 0 0 1.57 0 0 0
727.339 483.995 123.112 0 0 1.57 0 0 0
727.769 484.486 123.272 0 0 1.57 0 0 0
728.518 485.34 123.557 0 0 1.57 0 0 0
728.629 485.467 123.598 0 0 1.57 0 0 0
728.727 485.579 123.634 0 0 1.57 0 0 0
729.489 486.449 123.91 0 0 1.57 0 0 0
730.467 487.565 124.25 0 0 1.57 0 0 0
730.48 487.58 124.254 0 0 1.57 0 0 0
730.486 487.587 124.256 0 0 1.57 0 0 0
730.494 487.597 124.259 0 0 1.57 0 0 0
731.152 488.348 124.479 0 0 1.57 0 0 0
731.371 488.598 124.55 0 0 1.57 0 0 0
731.961 489.272 124.75 0 0 1.57 0 0 0
732.068 489.394 124.785 0 0 1.57 0 0 0
732.201 489.545 124.829 0 0 1.57 0 0 0
732.928 490.376 125.062 0 0 1.57 0 0 0
733.564 491.103 125.257 0 0 1.57 0 0 0
733.787 491.358 125.323 0 0 1.57 0 0 0
734.042 491.649 125.399 0 0 1.57 0 0 0
734.646 492.34 125.574 0 0 1.57 0 0 0
735.175 492.944 125.73 0 0 1.57 0 0 0
735.506 493.322 125.824 0 0 1.57 0 0 0
735.952 493.832 125.953 0 0 1.57 0 0 0
736.475 494.43 126.098 0 0 1.57 0 0 0
736.738 494.731 126.169 0 0 1.57 0 0 0
737.157 495.211 126.279 0 0 1.57 0 0 0
737.377 495.461 126.339 0 0 1.57 0 0 0
737.462 495.56 126.357 0 0 1.57 0 0 0
737.725 495.86 126.425 0 0 1.57 0 0 0
738.071 496.257 126.511 0 0 1.57 0 0 0
738.395 496.627 126.592 0 0 1.57 0 0 0
738.941 497.252 126.722 0 0 1.57 0 0 0
739.566 497.968 126.87 0 0 1.57 0 0 0
739.8 498.235 126.923 0 0 1.57 0 0 0
740.004 498.469 126.969 0 0 1.57 0 0 0
740.658 499.218 127.108 0 0 1.57 0 0 0
741.348 500.008 127.26 0 0 1.57 0 0 0
741.348 500.008 127.26 0 0 1.57 0 0 0
741.408 500.06 127.271 0 0 1.57 0 0 0
741.542 500.176 127.295 0 0 1.57 0 0 0
741.697 500.31 127.321 0 0 1.57 0 0 0
742.529 501.031 127.454 0 0 1.57 0 0 0
743.249 501.654 127.573 0 0 1.57 0 0 0
743.516 501.885 127.615 0 0 1.57 0 0 0
743.823 502.152 127.662 0 0 1.57 0 0 0
744.502 502.74 127.761 0 0 1.57 0 0 0
745.09 503.25 127.846 0 0 1.57 0 0 0
745.488 503.595 127.899 0 0 1.57 0 0 0
745.947 503.993 127.96 0 0 1.57 0 0 0
746.481 504.456 128.026 0 0 1.57 0 0 0
746.932 504.848 128.088 0 0 1.57 0 0 0
747.165 505.05 128.117 0 0 1.57 0 0 0
747.248 505.122 128.128 0 0 1.57 0 0 0
747.539 505.375 128.158 0 0 1.57 0 0 0
748.052 505.82 128.215 0 0 1.57 0 0 0
748.302 506.037 128.239 0 0 1.57 0 0 0
748.67 506.357 128.279 0 0 1.57 0 0 0
749.431 507.018 128.353 0 0 1.57 0 0 0
750.188 507.676 128.426 0 0 1.57 0 0 0
750.416 507.874 128.446 0 0 1.57 0 0 0
750.615 508.047 128.463 0 0 1.57 0 0 0
751.401 508.731 128.523 0 0 1.57 0 0 0
752.305 509.517 128.59 0 0 1.57 0 0 0
752.386 509.588 128.596 0 0 1.57 0 0 0
752.456 509.649 128.601 0 0 1.57 0 0 0
753.37 510.445 128.656 0 0 1.57 0 0 0
754.298 511.252 128.706 0 0 1.57 0 0 0
754.355 511.302 128.709 0 0 1.57 0 0 0
754.42 511.359 128.712 0 0 1.57 0 0 0
755.339 512.159 128.747 0 0 1.57 0 0 0
755.476 512.279 128.753 0 0 1.57 0 0 0
755.476 512.279 128.753 0 0 1.57 0 0 0
756.139 512.953 128.783 0 0 1.57 0 0 0
756.262 513.078 128.787 0 0 1.57 0 0 0
756.382 513.2 128.791 0 0 1.57 0 0 0
757.174 514.006 128.809 0 0 1.57 0 0 0
757.981 514.827 128.827 0 0 1.57 0 0 0
758.087 514.935 128.828 0 0 1.57 0 0 0
758.191 515.042 128.829 0 0 1.57 0 0 0
758.999 515.864 128.834 0 0 1.57 0 0 0
759.822 516.703 128.834 0 0 1.57 0 0 0
759.911 516.794 128.833 0 0 1.57 0 0 0
759.999 516.883 128.832 0 0 1.57 0 0 0
760.823 517.723 128.818 0 0 1.57 0 0 0
761.663 518.58 128.803 0 0 1.57 0 0 0
761.735 518.653 128.801 0 0 1.57 0 0 0
761.805 518.724 128.799 0 0 1.57 0 0 0
762.646 519.583 128.766 0 0 1.57 0 0 0
763.505 520.46 128.73 0 0 1.57 0 0 0
763.557 520.513 128.728 0 0 1.57 0 0 0
763.608 520.566 128.725 0 0 1.57 0 0 0
764.468 521.444 128.676 0 0 1.57 0 0 0
765.346 522.341 128.621 0 0 1.57 0 0 0
765.379 522.375 128.619 0 0 1.57 0 0 0
765.411 522.407 128.616 0 0 1.57 0 0 0
766.289 523.306 128.546 0 0 1.57 0 0 0
767.188 524.225 128.473 0 0 1.57 0 0 0
767.199 524.237 128.472 0 0 1.57 0 0 0
767.211 524.249 128.471 0 0 1.57 0 0 0
768.109 525.168 128.379 0 0 1.57 0 0 0
769.009 526.09 128.285 0 0 1.57 0 0 0
769.019 526.1 128.284 0 0 1.57 0 0 0
769.03 526.111 128.283 0 0 1.57 0 0 0
769.388 526.478 128.242 0 0 1.57 0 0 0
769.388 526.478 128.242 0 0 1.57 0 0 0
769.8 526.937 128.193 0 0 1.57 0 0 0
770.118 527.291 128.159 0 0 1.57 0 0 0
770.354 527.555 128.126 0 0 1.57 0 0 0
770.7 527.941 128.076 0 0 1.57 0 0 0
770.73 527.973 128.073 0 0 1.57 0 0 0
770.742 527.988 128.07 0 0 1.57 0 0 0
770.786 528.037 128.064 0 0 1.57 0 0 0
771.646 528.997 127.935 0 0 1.57 0 0 0
772.341 529.773 127.832 0 0 1.57 0 0 0
772.516 529.968 127.804 0 0 1.57 0 0 0
772.712 530.187 127.773 0 0 1.57 0 0 0
773.386 530.94 127.658 0 0 1.57 0 0 0
773.989 531.614 127.553 0 0 1.57 0 0 0
774.256 531.912 127.504 0 0 1.57 0 0 0
774.553 532.245 127.451 0 0 1.57 0 0 0
775.125 532.884 127.343 0 0 1.57 0 0 0
775.636 533.456 127.243 0 0 1.57 0 0 0
775.994 533.857 127.169 0 0 1.57 0 0 0
776.395 534.305 127.087 0 0 1.57 0 0 0
776.863 534.829 126.987 0 0 1.57 0 0 0
777.281 535.297 126.898 0 0 1.57 0 0 0
777.731 535.802 126.796 0 0 1.57 0 0 0
778.236 536.368 126.682 0 0 1.57 0 0 0
778.6 536.775 126.597 0 0 1.57 0 0 0
778.877 537.086 126.531 0 0 1.57 0 0 0
779.416 537.691 126.395 0 0 1.57 0 0 0
779.612 537.911 126.353 0 0 1.57 0 0 0
780.037 538.387 126.244 0 0 1.57 0 0 0
780.202 538.572 126.203 0 0 1.57 0 0 0
780.3 538.683 126.177 0 0 1.57 0 0 0
780.57 538.985 126.107 0 0 1.57 0 0 0
781.203 539.696 125.934 0 0 1.57 0 0 0
781.919 540.501 125.741 0 0 1.57 0 0 0
782.07 540.67 125.699 0 0 1.57 0 0 0
782.205 540.821 125.661 0 0 1.57 0 0 0
782.937 541.645 125.448 0 0 1.57 0 0 0
783.613 542.405 125.252 0 0 1.57 0 0 0
783.613 542.405 125.252 0 0 1.57 0 0 0
783.76 542.533 125.214 0 0 1.57 0 0 0
783.83 542.594 125.195 0 0 1.57 0 0 0
783.909 542.663 125.173 0 0 1.57 0 0 0
784.813 543.451 124.918 0 0 1.57 0 0 0
785.671 544.2 124.682 0 0 1.57 0 0 0
785.863 544.368 124.628 0 0 1.57 0 0 0
785.942 544.436 124.606 0 0 1.57 0 0 0
786.088 544.563 124.562 0 0 1.57 0 0 0
786.642 545.046 124.406 0 0 1.57 0 0 0
786.838 545.218 124.338 0 0 1.57 0 0 0
787.444 545.747 124.156 0 0 1.57 0 0 0
787.763 546.026 124.056 0 0 1.57 0 0 0
788.13 546.346 123.944 0 0 1.57 0 0 0
788.747 546.884 123.748 0 0 1.57 0 0 0
789.285 547.354 123.579 0 0 1.57 0 0 0
789.73 547.742 123.435 0 0 1.57 0 0 0
790.239 548.187 123.268 0 0 1.57 0 0 0
790.713 548.601 123.108 0 0 1.57 0 0 0
791.141 548.975 122.968 0 0 1.57 0 0 0
791.69 549.454 122.782 0 0 1.57 0 0 0
791.899 549.637 122.714 0 0 1.57 0 0 0
792.354 550.034 122.553 0 0 1.57 0 0 0
792.576 550.228 122.479 0 0 1.57 0 0 0
792.672 550.312 122.441 0 0 1.57 0 0 0
792.942 550.548 122.345 0 0 1.57 0 0 0
793.661 551.176 122.084 0 0 1.57 0 0 0
794.455 551.87 121.797 0 0 1.57 0 0 0
794.644 552.035 121.728 0 0 1.57 0 0 0
794.809 552.179 121.667 0 0 1.57 0 0 0
795.627 552.894 121.359 0 0 1.57 0 0 0
796.558 553.708 121.005 0 0 1.57 0 0 0
796.626 553.767 120.979 0 0 1.57 0 0 0
796.647 553.785 120.971 0 0 1.57 0 0 0
796.682 553.816 120.958 0 0 1.57 0 0 0
797.299 554.355 120.72 0 0 1.57 0 0 0
797.605 554.623 120.595 0 0 1.57 0 0 0
797.718 554.721 120.55 0 0 1.57 0 0 0
797.718 554.721 120.55 0 0 1.57 0 0 0
796.884 555.612 120.572 0 0 1.57 0 0 0
796.678 555.831 120.576 0 0 1.57 0 0 0
795.127 557.474 120.589 0 0 1.57 0 0 0
794.872 557.743 120.589 0 0 1.57 0 0 0
793.393 559.3 120.576 0 0 1.57 0 0 0
793.046 559.663 120.57 0 0 1.57 0 0 0
791.66 561.11 120.533 0 0 1.57 0 0 0
791.178 561.612 120.516 0 0 1.57 0 0 0
789.933 562.903 120.461 0 0 1.57 0 0 0
789.293 563.564 120.428 0 0 1.57 0 0 0
788.194 564.695 120.361 0 0 1.57 0 0 0
787.396 565.514 120.305 0 0 1.57 0 0 0
786.332 566.601 120.222 0 0 1.57 0 0 0
785.602 567.345 120.16 0 0 1.57 0 0 0
784.519 568.443 120.056 0 0 1.57 0 0 0
783.76 569.21 119.978 0 0 1.57 0 0 0
782.95 570.026 119.888 0 0 1.57 0 0 0
782.95 570.026 119.888 0 0 1.57 0 0 0
782.615 569.588 120.055 0 0 1.57 0 0 0
781.831 568.565 120.445 0 0 1.57 0 0 0
781.721 568.42 120.499 0 0 1.57 0 0 0
781.669 568.353 120.525 0 0 1.57 0 0 0
781.595 568.256 120.561 0 0 1.57 0 0 0
781.105 567.616 120.804 0 0 1.57 0 0 0
780.871 567.31 120.908 0 0 1.57 0 0 0
780.331 566.603 121.163 0 0 1.57 0 0 0
780.22 566.459 121.214 0 0 1.57 0 0 0
780.078 566.272 121.281 0 0 1.57 0 0 0
779.423 565.415 121.578 0 0 1.57 0 0 0
778.922 564.76 121.808 0 0 1.57 0 0 0
778.625 564.371 121.941 0 0 1.57 0 0 0
778.179 563.787 122.138 0 0 1.57 0 0 0
777.739 563.211 122.329 0 0 1.57 0 0 0
777.531 562.938 122.42 0 0 1.57 0 0 0
777.235 562.55 122.547 0 0 1.57 0 0 0
776.958 562.187 122.665 0 0 1.57 0 0 0
776.833 562.022 122.717 0 0 1.57 0 0 0
776.395 561.449 122.902 0 0 1.57 0 0 0
776.232 561.235 122.969 0 0 1.57 0 0 0
776.112 561.077 123.019 0 0 1.57 0 0 0
775.438 560.193 123.29 0 0 1.57 0 0 0
774.708 559.236 123.581 0 0 1.57 0 0 0
774.641 559.148 123.607 0 0 1.57 0 0 0
774.553 559.032 123.642 0 0 1.57 0 0 0
773.845 558.102 123.912 0 0 1.57 0 0 0
773.306 557.394 124.116 0 0 1.57 0 0 0
773.059 557.069 124.207 0 0 1.57 0 0 0
772.712 556.613 124.336 0 0 1.57 0 0 0
772.518 556.358 124.406 0 0 1.57 0 0 0
772.463 556.286 124.426 0 0 1.57 0 0 0
772.331 556.113 124.472 0 0 1.57 0 0 0
771.877 555.515 124.633 0 0 1.57 0 0 0
771.559 555.097 124.742 0 0 1.57 0 0 0
770.914 554.248 124.964 0 0 1.57 0 0 0
770.764 554.05 125.015 0 0 1.57 0 0 0
770.764 554.05 125.015 0 0 1.57 0 0 0
770.632 553.95 125.046 0 0 1.57 0 0 0
770.32 553.711 125.117 0 0 1.57 0 0 0
769.588 553.152 125.278 0 0 1.57 0 0 0
769.029 552.725 125.403 0 0 1.57 0 0 0
768.545 552.354 125.507 0 0 1.57 0 0 0
767.913 551.87 125.64 0 0 1.57 0 0 0
767.502 551.555 125.725 0 0 1.57 0 0 0
767.188 551.314 125.789 0 0 1.57 0 0 0
766.46 550.756 125.93 0 0 1.57 0 0 0
765.322 549.882 126.151 0 0 1.57 0 0 0
765.294 549.861 126.156 0 0 1.57 0 0 0
765.283 549.852 126.158 0 0 1.57 0 0 0
765.267 549.84 126.161 0 0 1.57 0 0 0
765.144 549.745 126.184 0 0 1.57 0 0 0
764.422 549.19 126.317 0 0 1.57 0 0 0
764.124 548.96 126.365 0 0 1.57 0 0 0
763.505 548.483 126.47 0 0 1.57 0 0 0
763.31 548.332 126.501 0 0 1.57 0 0 0
763.122 548.187 126.532 0 0 1.57 0 0 0
762.299 547.552 126.665 0 0 1.57 0 0 0
761.663 547.061 126.765 0 0 1.57 0 0 0
761.26 546.749 126.825 0 0 1.57 0 0 0
760.738 546.346 126.902 0 0 1.57 0 0 0
760.222 545.946 126.974 0 0 1.57 0 0 0
759.822 545.636 127.03 0 0 1.57 0 0 0
759.185 545.142 127.113 0 0 1.57 0 0 0
758.363 544.504 127.222 0 0 1.57 0 0 0
758.147 544.337 127.248 0 0 1.57 0 0 0
757.981 544.208 127.268 0 0 1.57 0 0 0
757.112 543.532 127.364 0 0 1.57 0 0 0
756.139 542.776 127.475 0 0 1.57 0 0 0
756.076 542.726 127.481 0 0 1.57 0 0 0
755.994 542.663 127.49 0 0 1.57 0 0 0
755.041 541.92 127.579 0 0 1.57 0 0 0
754.813 541.742 127.601 0 0 1.57 0 0 0
754.813 541.742 127.601 0 0 1.57 0 0 0
754.298 541.205 127.665 0 0 1.57 0 0 0
754.11 541.009 127.687 0 0 1.57 0 0 0
753.93 540.821 127.708 0 0 1.57 0 0 0
753.209 540.069 127.783 0 0 1.57 0 0 0
752.456 539.284 127.864 0 0 1.57 0 0 0
752.308 539.128 127.878 0 0 1.57 0 0 0
752.166 538.98 127.891 0 0 1.57 0 0 0
751.431 538.211 127.951 0 0 1.57 0 0 0
750.702 537.448 128.014 0 0 1.57 0 0 0
750.484 537.219 128.03 0 0 1.57 0 0 0
750.28 537.006 128.046 0 0 1.57 0 0 0
749.729 536.429 128.087 0 0 1.57 0 0 0
749.235 535.911 128.119 0 0 1.57 0 0 0
748.773 535.426 128.144 0 0 1.57 0 0 0
748.144 534.765 128.177 0 0 1.57 0 0 0
747.731 534.331 128.196 0 0 1.57 0 0 0
746.993 533.554 128.222 0 0 1.57 0 0 0
746.927 533.484 128.225 0 0 1.57 0 0 0
746.857 533.41 128.227 0 0 1.57 0 0 0
745.983 532.489 128.245 0 0 1.57 0 0 0
745.291 531.76 128.258 0 0 1.57 0 0 0
745.123 531.583 128.26 0 0 1.57 0 0 0
744.948 531.398 128.262 0 0 1.57 0 0 0
744.234 530.644 128.266 0 0 1.57 0 0 0
743.527 529.897 128.264 0 0 1.57 0 0 0
743.33 529.688 128.262 0 0 1.57 0 0 0
743.123 529.469 128.26 0 0 1.57 0 0 0
742.468 528.776 128.251 0 0 1.57 0 0 0
741.678 527.939 128.235 0 0 1.57 0 0 0
741.507 527.758 128.23 0 0 1.57 0 0 0
741.335 527.575 128.224 0 0 1.57 0 0 0
740.995 527.214 128.212 0 0 1.57 0 0 0
740.995 527.214 128.212 0 0 1.57 0 0 0
740.703 526.902 128.202 0 0 1.57 0 0 0
740.096 526.253 128.176 0 0 1.57 0 0 0
739.944 526.09 128.169 0 0 1.57 0 0 0
738.985 525.062 128.115 0 0 1.57 0 0 0
738.609 524.658 128.091 0 0 1.57 0 0 0
738.228 524.249 128.066 0 0 1.57 0 0 0
737.942 523.942 128.043 0 0 1.57 0 0 0
737.768 523.755 128.03 0 0 1.57 0 0 0
737.116 523.053 127.975 0 0 1.57 0 0 0
736.484 522.373 127.925 0 0 1.57 0 0 0
736.204 522.073 127.9 0 0 1.57 0 0 0
735.883 521.727 127.869 0 0 1.57 0 0 0
735.325 521.124 127.809 0 0 1.57 0 0 0
734.806 520.566 127.756 0 0 1.57 0 0 0
734.439 520.169 127.714 0 0 1.57 0 0 0
734.042 519.741 127.669 0 0 1.57 0 0 0
733.553 519.213 127.608 0 0 1.57 0 0 0
733.101 518.724 127.551 0 0 1.57 0 0 0
732.669 518.256 127.491 0 0 1.57 0 0 0
732.201 517.75 127.427 0 0 1.57 0 0 0
731.785 517.299 127.366 0 0 1.57 0 0 0
731.4 516.883 127.311 0 0 1.57 0 0 0
730.901 516.341 127.234 0 0 1.57 0 0 0
730.359 515.753 127.146 0 0 1.57 0 0 0
730.018 515.383 127.087 0 0 1.57 0 0 0
729.704 515.042 127.035 0 0 1.57 0 0 0
729.135 514.424 126.934 0 0 1.57 0 0 0
728.518 513.752 126.824 0 0 1.57 0 0 0
728.253 513.465 126.774 0 0 1.57 0 0 0
728.01 513.2 126.728 0 0 1.57 0 0 0
727.372 512.504 126.599 0 0 1.57 0 0 0
726.573 511.634 126.437 0 0 1.57 0 0 0
726.573 511.634 126.437 0 0 1.57 0 0 0
726.573 511.633 126.437 0 0 1.57 0 0 0
726.467 511.537 126.416 0 0 1.57 0 0 0
726.409 511.483 126.406 0 0 1.57 0 0 0
726.295 511.379 126.382 0 0 1.57 0 0 0
725.734 510.864 126.271 0 0 1.57 0 0 0
725.438 510.593 126.204 0 0 1.57 0 0 0
724.875 510.075 126.079 0 0 1.57 0 0 0
724.563 509.789 126.009 0 0 1.57 0 0 0
724.267 509.517 125.943 0 0 1.57 0 0 0
723.604 508.907 125.79 0 0 1.57 0 0 0
722.993 508.346 125.648 0 0 1.57 0 0 0
722.645 508.025 125.563 0 0 1.57 0 0 0
722.266 507.676 125.47 0 0 1.57 0 0 0
721.686 507.142 125.321 0 0 1.57 0 0 0
721.152 506.649 125.182 0 0 1.57 0 0 0
720.728 506.258 125.069 0 0 1.57 0 0 0
720.269 505.834 124.951 0 0 1.57 0 0 0
719.77 505.375 124.819 0 0 1.57 0 0 0
719.277 504.92 124.688 0 0 1.57 0 0 0
718.899 504.57 124.585 0 0 1.57 0 0 0
718.717 504.403 124.541 0 0 1.57 0 0 0
718.333 504.047 124.423 0 0 1.57 0 0 0
718.046 503.782 124.341 0 0 1.57 0 0 0
717.882 503.63 124.29 0 0 1.57 0 0 0
717.542 503.316 124.189 0 0 1.57 0 0 0
716.9 502.721 123.991 0 0 1.57 0 0 0
716.284 502.152 123.81 0 0 1.57 0 0 0
715.943 501.836 123.706 0 0 1.57 0 0 0
715.628 501.544 123.609 0 0 1.57 0 0 0
714.987 500.951 123.407 0 0 1.57 0 0 0
714.296 500.31 123.184 0 0 1.57 0 0 0
714.032 500.065 123.096 0 0 1.57 0 0 0
713.759 499.812 123.005 0 0 1.57 0 0 0
713.126 499.223 122.788 0 0 1.57 0 0 0
712.818 498.937 122.69 0 0 1.57 0 0 0
712.419 498.567 122.552 0 0 1.57 0 0 0
712.419 498.567 122.552 0 0 1.57 0 0 0
712.291 498.689 122.539 0 0 1.57 0 0 0
712.091 498.88 122.514 0 0 1.57 0 0 0
711.782 499.177 122.475 0 0 1.57 0 0 0
710.6 500.31 122.325 0 0 1.57 0 0 0
710.127 500.765 122.261 0 0 1.57 0 0 0
708.691 502.15 122.054 0 0 1.57 0 0 0
708.262 502.565 121.988 0 0 1.57 0 0 0
706.79 503.993 121.75 0 0 1.57 0 0 0
706.421 504.353 121.686 0 0 1.57 0 0 0
704.903 505.834 121.41 0 0 1.57 0 0 0
704.579 506.152 121.349 0 0 1.57 0 0 0
703.027 507.676 121.04 0 0 1.57 0 0 0
702.838 507.863 121 0 0 1.57 0 0 0
702.232 508.46 120.871 0 0 1.57 0 0 0
701.922 508.767 120.803 0 0 1.57 0 0 0
701.296 509.386 120.665 0 0 1.57 0 0 0
701.171 509.509 120.638 0 0 1.57 0 0 0
701.072 509.608 120.614 0 0 1.57 0 0 0
700.946 509.734 120.584 0 0 1.57 0 0 0
699.314 511.359 120.191 0 0 1.57 0 0 0
699.055 511.617 120.126 0 0 1.57 0 0 0
697.877 512.795 119.827 0 0 1.57 0 0 0
697.877 512.795 119.827 0 0 1.57 0 0 0
698.273 513.2 119.963 0 0 1.57 0 0 0
698.66 513.595 120.09 0 0 1.57 0 0 0
699.055 513.999 120.227 0 0 1.57 0 0 0
699.51 514.464 120.38 0 0 1.57 0 0 0
700.075 515.042 120.571 0 0 1.57 0 0 0
700.253 515.223 120.629 0 0 1.57 0 0 0
700.371 515.342 120.667 0 0 1.57 0 0 0
700.651 515.627 120.753 0 0 1.57 0 0 0
701.252 516.237 120.939 0 0 1.57 0 0 0
701.527 516.515 121.022 0 0 1.57 0 0 0
701.89 516.883 121.13 0 0 1.57 0 0 0
702.35 517.347 121.263 0 0 1.57 0 0 0
702.738 517.74 121.381 0 0 1.57 0 0 0
703.227 518.235 121.526 0 0 1.57 0 0 0
703.711 518.724 121.667 0 0 1.57 0 0 0
704.144 519.16 121.788 0 0 1.57 0 0 0
704.579 519.598 121.907 0 0 1.57 0 0 0
705.061 520.082 122.035 0 0 1.57 0 0 0
705.543 520.566 122.161 0 0 1.57 0 0 0
705.979 521.001 122.269 0 0 1.57 0 0 0
706.412 521.436 122.384 0 0 1.57 0 0 0
707.285 522.312 122.611 0 0 1.57 0 0 0
707.333 522.36 122.624 0 0 1.57 0 0 0
707.349 522.376 122.628 0 0 1.57 0 0 0
707.38 522.407 122.636 0 0 1.57 0 0 0
707.838 522.865 122.75 0 0 1.57 0 0 0
708.194 523.218 122.827 0 0 1.57 0 0 0
708.641 523.664 122.93 0 0 1.57 0 0 0
709.165 524.184 123.048 0 0 1.57 0 0 0
709.69 524.705 123.161 0 0 1.57 0 0 0
710.103 525.116 123.252 0 0 1.57 0 0 0
710.593 525.601 123.357 0 0 1.57 0 0 0
711.087 526.09 123.457 0 0 1.57 0 0 0
711.519 526.516 123.54 0 0 1.57 0 0 0
711.945 526.937 123.626 0 0 1.57 0 0 0
711.945 526.937 123.626 0 0 1.57 0 0 0
711.945 526.937 123.626 0 0 1.57 0 0 0
712.467 527.41 123.727 0 0 1.57 0 0 0
713.043 527.932 123.837 0 0 1.57 0 0 0
713.433 528.284 123.908 0 0 1.57 0 0 0
713.786 528.603 123.973 0 0 1.57 0 0 0
714.338 529.101 124.069 0 0 1.57 0 0 0
715.084 529.773 124.196 0 0 1.57 0 0 0
715.318 529.983 124.234 0 0 1.57 0 0 0
715.597 530.234 124.281 0 0 1.57 0 0 0
716.343 530.906 124.407 0 0 1.57 0 0 0
716.62 531.154 124.449 0 0 1.57 0 0 0
717.151 531.628 124.523 0 0 1.57 0 0 0
717.545 531.981 124.578 0 0 1.57 0 0 0
718.436 532.776 124.704 0 0 1.57 0 0 0
719.198 533.456 124.805 0 0 1.57 0 0 0
719.263 533.514 124.814 0 0 1.57 0 0 0
719.304 533.55 124.818 0 0 1.57 0 0 0
720.221 534.365 124.927 0 0 1.57 0 0 0
721.152 535.191 125.035 0 0 1.57 0 0 0
721.208 535.241 125.041 0 0 1.57 0 0 0
721.272 535.297 125.048 0 0 1.57 0 0 0
722.185 536.105 125.143 0 0 1.57 0 0 0
722.993 536.819 125.222 0 0 1.57 0 0 0
723.164 536.969 125.237 0 0 1.57 0 0 0
723.357 537.139 125.254 0 0 1.57 0 0 0
724.143 537.83 125.32 0 0 1.57 0 0 0
724.835 538.439 125.377 0 0 1.57 0 0 0
725.123 538.692 125.4 0 0 1.57 0 0 0
725.452 538.98 125.423 0 0 1.57 0 0 0
726.105 539.551 125.465 0 0 1.57 0 0 0
726.676 540.051 125.5 0 0 1.57 0 0 0
727.088 540.41 125.524 0 0 1.57 0 0 0
727.559 540.821 125.55 0 0 1.57 0 0 0
727.855 541.079 125.565 0 0 1.57 0 0 0
727.855 541.079 125.565 0 0 1.57 0 0 0
728.039 541.3 125.567 0 0 1.57 0 0 0
728.518 541.875 125.568 0 0 1.57 0 0 0
728.876 542.305 125.568 0 0 1.57 0 0 0
729.175 542.663 125.566 0 0 1.57 0 0 0
729.714 543.308 125.559 0 0 1.57 0 0 0
730.359 544.079 125.55 0 0 1.57 0 0 0
730.553 544.311 125.547 0 0 1.57 0 0 0
730.715 544.504 125.542 0 0 1.57 0 0 0
731.393 545.311 125.519 0 0 1.57 0 0 0
732.201 546.271 125.489 0 0 1.57 0 0 0
732.235 546.312 125.488 0 0 1.57 0 0 0
732.264 546.346 125.486 0 0 1.57 0 0 0
733.078 547.31 125.445 0 0 1.57 0 0 0
733.819 548.187 125.402 0 0 1.57 0 0 0
733.921 548.308 125.395 0 0 1.57 0 0 0
734.042 548.45 125.387 0 0 1.57 0 0 0
734.767 549.304 125.334 0 0 1.57 0 0 0
735.382 550.029 125.287 0 0 1.57 0 0 0
735.613 550.299 125.267 0 0 1.57 0 0 0
735.883 550.617 125.244 0 0 1.57 0 0 0
736.46 551.293 125.19 0 0 1.57 0 0 0
736.953 551.87 125.142 0 0 1.57 0 0 0
737.312 552.289 125.102 0 0 1.57 0 0 0
737.725 552.772 125.061 0 0 1.57 0 0 0
738.158 553.278 125.012 0 0 1.57 0 0 0
738.531 553.711 124.968 0 0 1.57 0 0 0
738.972 554.224 124.912 0 0 1.57 0 0 0
739.475 554.809 124.848 0 0 1.57 0 0 0
739.865 555.261 124.796 0 0 1.57 0 0 0
739.963 555.375 124.782 0 0 1.57 0 0 0
739.963 555.375 124.782 0 0 1.57 0 0 0
740.273 555.652 124.756 0 0 1.57 0 0 0
740.751 556.079 124.717 0 0 1.57 0 0 0
741.408 556.665 124.655 0 0 1.57 0 0 0
741.639 556.871 124.632 0 0 1.57 0 0 0
742.018 557.207 124.591 0 0 1.57 0 0 0
742.875 557.967 124.499 0 0 1.57 0 0 0
743.242 558.293 124.458 0 0 1.57 0 0 0
743.665 558.667 124.409 0 0 1.57 0 0 0
744.438 559.349 124.31 0 0 1.57 0 0 0
744.84 559.702 124.257 0 0 1.57 0 0 0
745.09 559.924 124.226 0 0 1.57 0 0 0
745.802 560.549 124.127 0 0 1.57 0 0 0
746.403 561.077 124.044 0 0 1.57 0 0 0
746.685 561.324 124.002 0 0 1.57 0 0 0
746.932 561.541 123.967 0 0 1.57 0 0 0
747.666 562.184 123.853 0 0 1.57 0 0 0
748.507 562.919 123.72 0 0 1.57 0 0 0
748.649 563.043 123.696 0 0 1.57 0 0 0
748.773 563.151 123.676 0 0 1.57 0 0 0
749.634 563.9 123.53 0 0 1.57 0 0 0
750.615 564.753 123.358 0 0 1.57 0 0 0
750.619 564.756 123.357 0 0 1.57 0 0 0
750.623 564.76 123.356 0 0 1.57 0 0 0
751.606 565.61 123.169 0 0 1.57 0 0 0
752.456 566.346 123.007 0 0 1.57 0 0 0
752.593 566.464 122.98 0 0 1.57 0 0 0
752.752 566.601 122.947 0 0 1.57 0 0 0
753.389 567.151 122.818 0 0 1.57 0 0 0
754.064 567.731 122.675 0 0 1.57 0 0 0
754.298 567.931 122.625 0 0 1.57 0 0 0
755.144 568.658 122.439 0 0 1.57 0 0 0
755.651 569.092 122.326 0 0 1.57 0 0 0
756.096 569.473 122.224 0 0 1.57 0 0 0
756.096 569.473 122.224 0 0 1.57 0 0 0
756.139 569.517 122.212 0 0 1.57 0 0 0
756.538 569.928 122.1 0 0 1.57 0 0 0
756.883 570.284 122 0 0 1.57 0 0 0
757.424 570.841 121.843 0 0 1.57 0 0 0
757.981 571.414 121.68 0 0 1.57 0 0 0
758.332 571.775 121.575 0 0 1.57 0 0 0
758.674 572.126 121.471 0 0 1.57 0 0 0
759.221 572.686 121.302 0 0 1.57 0 0 0
759.822 573.302 121.114 0 0 1.57 0 0 0
760.063 573.549 121.037 0 0 1.57 0 0 0
760.25 573.739 120.977 0 0 1.57 0 0 0
760.621 574.118 120.857 0 0 1.57 0 0 0
761.105 574.613 120.7 0 0 1.57 0 0 0
761.307 574.819 120.633 0 0 1.57 0 0 0
761.663 575.182 120.514 0 0 1.57 0 0 0
762.021 575.546 120.393 0 0 1.57 0 0 0
762.28 575.809 120.303 0 0 1.57 0 0 0
762.888 576.426 120.092 0 0 1.57 0 0 0
763.505 577.052 119.876 0 0 1.57 0 0 0
763.802 577.353 119.771 0 0 1.57 0 0 0
764.095 577.65 119.665 0 0 1.57 0 0 0
764.69 578.252 119.448 0 0 1.57 0 0 0
765.346 578.914 119.206 0 0 1.57 0 0 0
765.487 579.056 119.153 0 0 1.57 0 0 0
765.578 579.148 119.119 0 0 1.57 0 0 0
765.769 579.341 119.046 0 0 1.57 0 0 0
766.409 579.985 118.804 0 0 1.57 0 0 0
766.704 580.282 118.691 0 0 1.57 0 0 0
767.188 580.768 118.503 0 0 1.57 0 0 0
767.486 581.068 118.385 0 0 1.57 0 0 0
767.75 581.333 118.279 0 0 1.57 0 0 0
768.389 581.973 118.022 0 0 1.57 0 0 0
769.029 582.614 117.764 0 0 1.57 0 0 0
769.309 582.894 117.649 0 0 1.57 0 0 0
769.636 583.221 117.513 0 0 1.57 0 0 0
769.865 583.449 117.418 0 0 1.57 0 0 0
769.865 583.449 117.418 0 0 1.57 0 0 0
769.029 584.269 117.221 0 0 1.57 0 0 0
768.912 584.383 117.192 0 0 1.57 0 0 0
768.28 584.998 117.03 0 0 1.57 0 0 0
767.845 585.42 116.917 0 0 1.57 0 0 0
767.188 586.056 116.742 0 0 1.57 0 0 0
766.357 586.857 116.514 0 0 1.57 0 0 0
765.346 587.831 116.235 0 0 1.57 0 0 0
764.443 588.699 115.977 0 0 1.57 0 0 0
763.505 589.595 115.7 0 0 1.57 0 0 0
762.814 590.253 115.489 0 0 1.57 0 0 0
762.399 590.646 115.36 0 0 1.57 0 0 0
761.779 591.237 115.173 0 0 1.57 0 0 0
761.663 591.347 115.137 0 0 1.57 0 0 0
760.569 592.381 114.785 0 0 1.57 0 0 0
759.822 593.085 114.54 0 0 1.57 0 0 0
758.609 594.223 114.13 0 0 1.57 0 0 0
757.981 594.811 113.916 0 0 1.57 0 0 0
757.102 595.63 113.606 0 0 1.57 0 0 0
756.761 595.946 113.483 0 0 1.57 0 0 0
756.139 596.525 113.26 0 0 1.57 0 0 0
756.112 596.55 113.25 0 0 1.57 0 0 0
756.098 596.563 113.245 0 0 1.57 0 0 0
755.941 596.708 113.186 0 0 1.57 0 0 0
755.37 597.234 112.972 0 0 1.57 0 0 0
755.37 597.234 112.972 0 0 1.57 0 0 0
755.302 597.173 112.996 0 0 1.57 0 0 0
754.627 596.563 113.245 0 0 1.57 0 0 0
754.298 596.265 113.363 0 0 1.57 0 0 0
753.604 595.634 113.607 0 0 1.57 0 0 0
753.074 595.151 113.791 0 0 1.57 0 0 0
752.456 594.587 114.003 0 0 1.57 0 0 0
752.234 594.383 114.077 0 0 1.57 0 0 0
752.059 594.223 114.136 0 0 1.57 0 0 0
751.306 593.531 114.383 0 0 1.57 0 0 0
750.615 592.897 114.613 0 0 1.57 0 0 0
750.347 592.649 114.698 0 0 1.57 0 0 0
750.056 592.381 114.792 0 0 1.57 0 0 0
749.566 591.929 114.947 0 0 1.57 0 0 0
748.836 591.255 115.179 0 0 1.57 0 0 0
748.773 591.197 115.198 0 0 1.57 0 0 0
747.78 590.273 115.496 0 0 1.57 0 0 0
747.353 589.874 115.623 0 0 1.57 0 0 0
746.932 589.482 115.747 0 0 1.57 0 0 0
746.468 589.047 115.878 0 0 1.57 0 0 0
746.096 588.699 115.985 0 0 1.57 0 0 0
745.578 588.211 116.129 0 0 1.57 0 0 0
745.09 587.754 116.266 0 0 1.57 0 0 0
744.629 587.319 116.391 0 0 1.57 0 0 0
744.139 586.857 116.524 0 0 1.57 0 0 0
743.777 586.515 116.62 0 0 1.57 0 0 0
743.249 586.016 116.76 0 0 1.57 0 0 0
742.938 585.721 116.839 0 0 1.57 0 0 0
742.624 585.423 116.919 0 0 1.57 0 0 0
741.712 584.556 117.149 0 0 1.57 0 0 0
741.532 584.384 117.195 0 0 1.57 0 0 0
741.473 584.328 117.209 0 0 1.57 0 0 0
741.408 584.266 117.225 0 0 1.57 0 0 0
741.17 584.038 117.281 0 0 1.57 0 0 0
741.17 584.038 117.281 0 0 1.57 0 0 0
740.807 583.648 117.38 0 0 1.57 0 0 0
740.437 583.249 117.479 0 0 1.57 0 0 0
740.016 582.795 117.59 0 0 1.57 0 0 0
739.543 582.286 117.718 0 0 1.57 0 0 0
739.066 581.771 117.843 0 0 1.57 0 0 0
738.66 581.333 117.948 0 0 1.57 0 0 0
738.202 580.835 118.063 0 0 1.57 0 0 0
737.725 580.318 118.182 0 0 1.57 0 0 0
737.329 579.887 118.277 0 0 1.57 0 0 0
736.966 579.491 118.365 0 0 1.57 0 0 0
736.55 579.038 118.463 0 0 1.57 0 0 0
735.883 578.31 118.621 0 0 1.57 0 0 0
735.685 578.093 118.665 0 0 1.57 0 0 0
735.435 577.818 118.721 0 0 1.57 0 0 0
734.64 576.947 118.897 0 0 1.57 0 0 0
734.447 576.734 118.939 0 0 1.57 0 0 0
733.907 576.139 119.053 0 0 1.57 0 0 0
733.534 575.726 119.127 0 0 1.57 0 0 0
732.791 574.903 119.274 0 0 1.57 0 0 0
732.201 574.247 119.389 0 0 1.57 0 0 0
732.059 574.089 119.415 0 0 1.57 0 0 0
731.961 573.981 119.433 0 0 1.57 0 0 0
731.219 573.152 119.567 0 0 1.57 0 0 0
730.358 572.193 119.723 0 0 1.57 0 0 0
730.323 572.153 119.729 0 0 1.57 0 0 0
730.299 572.126 119.733 0 0 1.57 0 0 0
729.46 571.183 119.867 0 0 1.57 0 0 0
728.66 570.284 119.999 0 0 1.57 0 0 0
728.601 570.218 120.008 0 0 1.57 0 0 0
728.525 570.132 120.02 0 0 1.57 0 0 0
727.721 569.222 120.136 0 0 1.57 0 0 0
727.216 568.65 120.209 0 0 1.57 0 0 0
727.216 568.65 120.209 0 0 1.57 0 0 0
726.969 568.423 120.231 0 0 1.57 0 0 0
726.839 568.302 120.241 0 0 1.57 0 0 0
726.654 568.132 120.256 0 0 1.57 0 0 0
725.836 567.372 120.316 0 0 1.57 0 0 0
725.005 566.602 120.377 0 0 1.57 0 0 0
724.917 566.521 120.384 0 0 1.57 0 0 0
724.835 566.444 120.388 0 0 1.57 0 0 0
724.123 565.779 120.428 0 0 1.57 0 0 0
723.072 564.797 120.487 0 0 1.57 0 0 0
722.998 564.728 120.49 0 0 1.57 0 0 0
722.921 564.655 120.494 0 0 1.57 0 0 0
722.099 563.884 120.531 0 0 1.57 0 0 0
721.139 562.979 120.565 0 0 1.57 0 0 0
721.096 562.938 120.566 0 0 1.57 0 0 0
721.052 562.896 120.568 0 0 1.57 0 0 0
720.188 562.079 120.592 0 0 1.57 0 0 0
719.241 561.18 120.611 0 0 1.57 0 0 0
719.211 561.151 120.611 0 0 1.57 0 0 0
719.179 561.121 120.612 0 0 1.57 0 0 0
718.286 560.269 120.62 0 0 1.57 0 0 0
717.376 559.4 120.624 0 0 1.57 0 0 0
717.331 559.356 120.624 0 0 1.57 0 0 0
717.284 559.311 120.624 0 0 1.57 0 0 0
716.397 558.461 120.622 0 0 1.57 0 0 0
715.561 557.653 120.607 0 0 1.57 0 0 0
715.472 557.568 120.605 0 0 1.57 0 0 0
715.379 557.478 120.603 0 0 1.57 0 0 0
714.522 556.65 120.584 0 0 1.57 0 0 0
713.76 555.91 120.56 0 0 1.57 0 0 0
713.609 555.763 120.555 0 0 1.57 0 0 0
713.45 555.608 120.549 0 0 1.57 0 0 0
712.806 554.98 120.522 0 0 1.57 0 0 0
712.806 554.98 120.522 0 0 1.57 0 0 0
712.644 554.819 120.516 0 0 1.57 0 0 0
711.973 554.15 120.488 0 0 1.57 0 0 0
711.755 553.931 120.477 0 0 1.57 0 0 0
711.532 553.708 120.467 0 0 1.57 0 0 0
710.785 552.96 120.427 0 0 1.57 0 0 0
710.197 552.368 120.39 0 0 1.57 0 0 0
709.911 552.079 120.37 0 0 1.57 0 0 0
709.623 551.79 120.352 0 0 1.57 0 0 0
708.887 551.046 120.299 0 0 1.57 0 0 0
708.262 550.414 120.253 0 0 1.57 0 0 0
708.071 550.22 120.237 0 0 1.57 0 0 0
707.882 550.029 120.221 0 0 1.57 0 0 0
707.18 549.313 120.155 0 0 1.57 0 0 0
706.421 548.54 120.086 0 0 1.57 0 0 0
706.246 548.362 120.068 0 0 1.57 0 0 0
706.075 548.187 120.052 0 0 1.57 0 0 0
705.34 547.433 119.971 0 0 1.57 0 0 0
704.579 546.652 119.887 0 0 1.57 0 0 0
704.424 546.492 119.868 0 0 1.57 0 0 0
704.282 546.346 119.852 0 0 1.57 0 0 0
703.522 545.561 119.754 0 0 1.57 0 0 0
702.738 544.751 119.656 0 0 1.57 0 0 0
702.636 544.646 119.643 0 0 1.57 0 0 0
702.492 544.497 119.623 0 0 1.57 0 0 0
701.68 543.65 119.502 0 0 1.57 0 0 0
700.89 542.828 119.388 0 0 1.57 0 0 0
700.816 542.751 119.377 0 0 1.57 0 0 0
700.732 542.663 119.364 0 0 1.57 0 0 0
700.088 541.989 119.261 0 0 1.57 0 0 0
699.315 541.179 119.134 0 0 1.57 0 0 0
699.056 540.907 119.09 0 0 1.57 0 0 0
699.056 540.907 119.09 0 0 1.57 0 0 0
698.966 540.821 119.074 0 0 1.57 0 0 0
698.179 540.073 118.925 0 0 1.57 0 0 0
698.061 539.962 118.902 0 0 1.57 0 0 0
697.269 539.205 118.743 0 0 1.57 0 0 0
697.241 539.178 118.738 0 0 1.57 0 0 0
697.207 539.146 118.731 0 0 1.57 0 0 0
696.068 538.053 118.488 0 0 1.57 0 0 0
695.372 537.386 118.341 0 0 1.57 0 0 0
695.246 537.265 118.313 0 0 1.57 0 0 0
695.115 537.139 118.284 0 0 1.57 0 0 0
694.309 536.36 118.099 0 0 1.57 0 0 0
693.531 535.607 117.915 0 0 1.57 0 0 0
693.391 535.471 117.881 0 0 1.57 0 0 0
693.183 535.269 117.831 0 0 1.57 0 0 0
692.365 534.472 117.624 0 0 1.57 0 0 0
691.671 533.798 117.454 0 0 1.57 0 0 0
691.51 533.641 117.414 0 0 1.57 0 0 0
691.319 533.456 117.367 0 0 1.57 0 0 0
690.881 533.029 117.254 0 0 1.57 0 0 0
690.561 532.714 117.169 0 0 1.57 0 0 0
689.65 531.819 116.917 0 0 1.57 0 0 0
689.536 531.707 116.885 0 0 1.57 0 0 0
689.489 531.66 116.872 0 0 1.57 0 0 0
689.442 531.614 116.859 0 0 1.57 0 0 0
688.614 530.796 116.617 0 0 1.57 0 0 0
688.006 530.197 116.445 0 0 1.57 0 0 0
687.793 529.986 116.383 0 0 1.57 0 0 0
687.578 529.773 116.32 0 0 1.57 0 0 0
686.869 529.069 116.106 0 0 1.57 0 0 0
686.165 528.368 115.889 0 0 1.57 0 0 0
685.99 528.194 115.833 0 0 1.57 0 0 0
685.727 527.932 115.75 0 0 1.57 0 0 0
685.2 527.403 115.577 0 0 1.57 0 0 0
684.754 526.957 115.434 0 0 1.57 0 0 0
684.226 526.429 115.263 0 0 1.57 0 0 0
