0.701972 -0.440223 0.0977402 0 0 0 0 0 0
0.702022 -0.437611 0.0977402 0 0 0 0 0 0
0.702052 -0.436027 0.0977402 0 0 0 0 0 0
0.702187 -0.428946 0.0977402 0 0 0 0 0 0
0.702215 -0.427523 0.0977402 0 0 0 0 0 0
0.702353 -0.42028 0.0977402 0 0 0 0 0 0
0.702377 -0.41902 0.0977402 0 0 0 0 0 0
0.702518 -0.411615 0.0977402 0 0 0 0 0 0
0.702539 -0.410517 0.0977402 0 0 0 0 0 0
0.702684 -0.402949 0.0977402 0 0 0 0 0 0
0.702702 -0.402014 0.0977402 0 0 0 0 0 0
0.702849 -0.394284 0.0977402 0 0 0 0 0 0
0.702864 -0.393511 0.0977402 0 0 0 0 0 0
0.703015 -0.385618 0.0977402 0 0 0 0 0 0
0.703027 -0.385008 0.0977402 0 0 0 0 0 0
0.70318 -0.376953 0.0977402 0 0 0 0 0 0
0.703189 -0.376505 0.0977402 0 0 0 0 0 0
0.703296 -0.370899 0.0977402 0 0 0 0 0 0
0.703296 -0.370899 0.0977402 0 0 0 0 0 0
0.703019 -0.368287 0.0977402 0 0 0 0 0 0
0.702946 -0.367597 0.0977402 0 0 0 0 0 0
0.702102 -0.359622 0.0977402 0 0 0 0 0 0
0.70192 -0.357905 0.0977402 0 0 0 0 0 0
0.701184 -0.350956 0.0977402 0 0 0 0 0 0
0.700894 -0.348213 0.0977402 0 0 0 0 0 0
0.700266 -0.342291 0.0977402 0 0 0 0 0 0
0.699867 -0.338521 0.0977402 0 0 0 0 0 0
0.699349 -0.333625 0.0977402 0 0 0 0 0 0
0.698841 -0.328829 0.0977402 0 0 0 0 0 0
0.698431 -0.32496 0.0977402 0 0 0 0 0 0
0.697815 -0.319137 0.0977402 0 0 0 0 0 0
0.697513 -0.316294 0.0977402 0 0 0 0 0 0
0.696788 -0.309445 0.0977402 0 0 0 0 0 0
0.696596 -0.307629 0.0977402 0 0 0 0 0 0
0.695955 -0.301575 0.0977402 0 0 0 0 0 0
0.695955 -0.301575 0.0977402 0 0 0 0 0 0
0.695985 -0.299977 0.0977402 0 0 0 0 0 0
0.696005 -0.298963 0.0977402 0 0 0 0 0 0
0.696148 -0.291474 0.0977402 0 0 0 0 0 0
0.69617 -0.290298 0.0977402 0 0 0 0 0 0
0.69631 -0.282971 0.0977402 0 0 0 0 0 0
0.696336 -0.281632 0.0977402 0 0 0 0 0 0
0.696472 -0.274468 0.0977402 0 0 0 0 0 0
0.696501 -0.272967 0.0977402 0 0 0 0 0 0
0.696635 -0.265965 0.0977402 0 0 0 0 0 0
0.696667 -0.264301 0.0977402 0 0 0 0 0 0
0.696797 -0.257461 0.0977402 0 0 0 0 0 0
0.696832 -0.255636 0.0977402 0 0 0 0 0 0
0.69696 -0.248958 0.0977402 0 0 0 0 0 0
0.696998 -0.24697 0.0977402 0 0 0 0 0 0
0.697122 -0.240455 0.0977402 0 0 0 0 0 0
0.697163 -0.238305 0.0977402 0 0 0 0 0 0
0.697279 -0.232251 0.0977402 0 0 0 0 0 0
0.697279 -0.232251 0.0977402 0 0 0 0 0 0
0.697285 -0.231953 0.0977402 0 0 0 0 0 0
0.697336 -0.229639 0.0977402 0 0 0 0 0 0
0.69747 -0.223473 0.0977402 0 0 0 0 0 0
0.697525 -0.220973 0.0977402 0 0 0 0 0 0
0.697656 -0.214992 0.0977402 0 0 0 0 0 0
0.697714 -0.212308 0.0977402 0 0 0 0 0 0
0.697841 -0.206512 0.0977402 0 0 0 0 0 0
0.697903 -0.203642 0.0977402 0 0 0 0 0 0
0.698026 -0.198031 0.0977402 0 0 0 0 0 0
0.698093 -0.194977 0.0977402 0 0 0 0 0 0
0.698211 -0.189551 0.0977402 0 0 0 0 0 0
0.698282 -0.186311 0.0977402 0 0 0 0 0 0
0.698396 -0.181071 0.0977402 0 0 0 0 0 0
0.698471 -0.177646 0.0977402 0 0 0 0 0 0
0.698581 -0.17259 0.0977402 0 0 0 0 0 0
0.698603 -0.171592 0.0977402 0 0 0 0 0 0
0.698603 -0.171592 0.0977402 0 0 0 0 0 0
0.698653 -0.16898 0.0977402 0 0 0 0 0 0
0.698746 -0.16409 0.0977402 0 0 0 0 0 0
0.698818 -0.160315 0.0977402 0 0 0 0 0 0
0.698909 -0.155587 0.0977402 0 0 0 0 0 0
0.698984 -0.151649 0.0977402 0 0 0 0 0 0
0.699071 -0.147084 0.0977402 0 0 0 0 0 0
0.699149 -0.142984 0.0977402 0 0 0 0 0 0
0.699234 -0.13858 0.0977402 0 0 0 0 0 0
0.699315 -0.134318 0.0977402 0 0 0 0 0 0
0.699396 -0.130077 0.0977402 0 0 0 0 0 0
0.69948 -0.125653 0.0977402 0 0 0 0 0 0
0.699558 -0.121574 0.0977402 0 0 0 0 0 0
0.699646 -0.116987 0.0977402 0 0 0 0 0 0
0.699721 -0.113071 0.0977402 0 0 0 0 0 0
0.699812 -0.108322 0.0977402 0 0 0 0 0 0
0.699883 -0.104568 0.0977402 0 0 0 0 0 0
0.699927 -0.102268 0.0977402 0 0 0 0 0 0
0.699927 -0.102268 0.0977402 0 0 0 0 0 0
0.699977 -0.0996563 0.0977402 0 0 0 0 0 0
0.700046 -0.0960649 0.0977402 0 0 0 0 0 0
0.700143 -0.0909907 0.0977402 0 0 0 0 0 0
0.700208 -0.0875618 0.0977402 0 0 0 0 0 0
0.700308 -0.0823252 0.0977402 0 0 0 0 0 0
0.70037 -0.0790587 0.0977402 0 0 0 0 0 0
0.700474 -0.0736597 0.0977402 0 0 0 0 0 0
0.700533 -0.0705556 0.0977402 0 0 0 0 0 0
0.700639 -0.0649942 0.0977402 0 0 0 0 0 0
0.700695 -0.0620525 0.0977402 0 0 0 0 0 0
0.700805 -0.0563287 0.0977402 0 0 0 0 0 0
0.700858 -0.0535494 0.0977402 0 0 0 0 0 0
0.70097 -0.0476632 0.0977402 0 0 0 0 0 0
0.70102 -0.0450463 0.0977402 0 0 0 0 0 0
0.701136 -0.0389977 0.0977402 0 0 0 0 0 0
0.701183 -0.0365432 0.0977402 0 0 0 0 0 0
0.701251 -0.0329441 0.0977402 0 0 0 0 0 0
0.701251 -0.0329441 0.0977402 0 0 0 0 0 0
0.701301 -0.0303321 0.0977402 0 0 0 0 0 0
0.701345 -0.0280401 0.0977402 0 0 0 0 0 0
0.701467 -0.0216666 0.0977402 0 0 0 0 0 0
0.701507 -0.019537 0.0977402 0 0 0 0 0 0
0.701632 -0.0130011 0.0977402 0 0 0 0 0 0
0.70167 -0.0110339 0.0977402 0 0 0 0 0 0
0.701798 -0.00433558 0.0977402 0 0 0 0 0 0
0.701832 -0.00253081 0.0977402 0 0 0 0 0 0
0.701963 0.00432998 0.0977402 0 0 0 0 0 0
0.701995 0.00597233 0.0977402 0 0 0 0 0 0
0.702129 0.0129955 0.0977402 0 0 0 0 0 0
0.702157 0.0144754 0.0977402 0 0 0 0 0 0
0.702294 0.021661 0.0977402 0 0 0 0 0 0
0.702319 0.0229785 0.0977402 0 0 0 0 0 0
0.70246 0.0303265 0.0977402 0 0 0 0 0 0
0.702482 0.0314816 0.0977402 0 0 0 0 0 0
0.702575 0.0363801 0.0977402 0 0 0 0 0 0
0.702575 0.0363801 0.0977402 0 0 0 0 0 0
0.702299 0.038992 0.0977402 0 0 0 0 0 0
0.70214 0.0404887 0.0977402 0 0 0 0 0 0
0.701381 0.0476575 0.0977402 0 0 0 0 0 0
0.701114 0.0501806 0.0977402 0 0 0 0 0 0
0.700463 0.0563231 0.0977402 0 0 0 0 0 0
0.700088 0.0598724 0.0977402 0 0 0 0 0 0
0.699546 0.0649886 0.0977402 0 0 0 0 0 0
0.699061 0.0695643 0.0977402 0 0 0 0 0 0
0.698628 0.0736541 0.0977402 0 0 0 0 0 0
0.698035 0.0792562 0.0977402 0 0 0 0 0 0
0.69771 0.0823196 0.0977402 0 0 0 0 0 0
0.697008 0.0889481 0.0977402 0 0 0 0 0 0
0.696793 0.0909851 0.0977402 0 0 0 0 0 0
0.695982 0.0986399 0.0977402 0 0 0 0 0 0
0.695875 0.0996506 0.0977402 0 0 0 0 0 0
0.695234 0.105704 0.0977402 0 0 0 0 0 0
0.695234 0.105704 0.0977402 0 0 0 0 0 0
0.695278 0.10801 0.0977402 0 0 0 0 0 0
0.695284 0.108316 0.0977402 0 0 0 0 0 0
0.69544 0.116513 0.0977402 0 0 0 0 0 0
0.695449 0.116982 0.0977402 0 0 0 0 0 0
0.695603 0.125016 0.0977402 0 0 0 0 0 0
0.695615 0.125647 0.0977402 0 0 0 0 0 0
0.695765 0.133519 0.0977402 0 0 0 0 0 0
0.69578 0.134313 0.0977402 0 0 0 0 0 0
0.695928 0.142022 0.0977402 0 0 0 0 0 0
0.695946 0.142978 0.0977402 0 0 0 0 0 0
0.69609 0.150525 0.0977402 0 0 0 0 0 0
0.696111 0.151644 0.0977402 0 0 0 0 0 0
0.696253 0.159028 0.0977402 0 0 0 0 0 0
0.696277 0.160309 0.0977402 0 0 0 0 0 0
0.696415 0.167531 0.0977402 0 0 0 0 0 0
0.696443 0.168975 0.0977402 0 0 0 0 0 0
0.696558 0.175028 0.0977402 0 0 0 0 0 0
0.696558 0.175028 0.0977402 0 0 0 0 0 0
0.69658 0.176032 0.0977402 0 0 0 0 0 0
0.696615 0.17764 0.0977402 0 0 0 0 0 0
0.696765 0.184512 0.0977402 0 0 0 0 0 0
0.696804 0.186306 0.0977402 0 0 0 0 0 0
0.69695 0.192992 0.0977402 0 0 0 0 0 0
0.696993 0.194971 0.0977402 0 0 0 0 0 0
0.697135 0.201473 0.0977402 0 0 0 0 0 0
0.697183 0.203637 0.0977402 0 0 0 0 0 0
0.697321 0.209953 0.0977402 0 0 0 0 0 0
0.697372 0.212302 0.0977402 0 0 0 0 0 0
0.697506 0.218434 0.0977402 0 0 0 0 0 0
0.697561 0.220968 0.0977402 0 0 0 0 0 0
0.697691 0.226914 0.0977402 0 0 0 0 0 0
0.69775 0.229633 0.0977402 0 0 0 0 0 0
0.697876 0.235394 0.0977402 0 0 0 0 0 0
0.697882 0.235687 0.0977402 0 0 0 0 0 0
0.697882 0.235687 0.0977402 0 0 0 0 0 0
0.697932 0.238299 0.0977402 0 0 0 0 0 0
0.698039 0.243897 0.0977402 0 0 0 0 0 0
0.698098 0.246964 0.0977402 0 0 0 0 0 0
0.698202 0.2524 0.0977402 0 0 0 0 0 0
0.698263 0.25563 0.0977402 0 0 0 0 0 0
0.698364 0.260903 0.0977402 0 0 0 0 0 0
0.698429 0.264295 0.0977402 0 0 0 0 0 0
0.698526 0.269406 0.0977402 0 0 0 0 0 0
0.698594 0.272961 0.0977402 0 0 0 0 0 0
0.698689 0.277909 0.0977402 0 0 0 0 0 0
0.69876 0.281627 0.0977402 0 0 0 0 0 0
0.698851 0.286412 0.0977402 0 0 0 0 0 0
0.698925 0.290292 0.0977402 0 0 0 0 0 0
0.699014 0.294915 0.0977402 0 0 0 0 0 0
0.699091 0.298958 0.0977402 0 0 0 0 0 0
0.699176 0.303418 0.0977402 0 0 0 0 0 0
0.699206 0.305011 0.0977402 0 0 0 0 0 0
0.699206 0.305011 0.0977402 0 0 0 0 0 0
0.699256 0.307623 0.0977402 0 0 0 0 0 0
0.699338 0.311922 0.0977402 0 0 0 0 0 0
0.699422 0.316289 0.0977402 0 0 0 0 0 0
0.699501 0.320425 0.0977402 0 0 0 0 0 0
0.699587 0.324954 0.0977402 0 0 0 0 0 0
0.699663 0.328928 0.0977402 0 0 0 0 0 0
0.699753 0.33362 0.0977402 0 0 0 0 0 0
0.699826 0.337431 0.0977402 0 0 0 0 0 0
0.699918 0.342285 0.0977402 0 0 0 0 0 0
0.699988 0.345934 0.0977402 0 0 0 0 0 0
0.700084 0.350951 0.0977402 0 0 0 0 0 0
0.70015 0.354437 0.0977402 0 0 0 0 0 0
0.700249 0.359616 0.0977402 0 0 0 0 0 0
0.700313 0.36294 0.0977402 0 0 0 0 0 0
0.700415 0.368282 0.0977402 0 0 0 0 0 0
0.700475 0.371443 0.0977402 0 0 0 0 0 0
0.700531 0.374335 0.0977402 0 0 0 0 0 0
0.700531 0.374335 0.0977402 0 0 0 0 0 0
0.70058 0.376947 0.0977402 0 0 0 0 0 0
0.700638 0.379946 0.0977402 0 0 0 0 0 0
0.700746 0.385613 0.0977402 0 0 0 0 0 0
0.7008 0.38845 0.0977402 0 0 0 0 0 0
0.700911 0.394278 0.0977402 0 0 0 0 0 0
0.700963 0.396953 0.0977402 0 0 0 0 0 0
0.701077 0.402944 0.0977402 0 0 0 0 0 0
0.701125 0.405456 0.0977402 0 0 0 0 0 0
0.701243 0.411609 0.0977402 0 0 0 0 0 0
0.701287 0.413959 0.0977402 0 0 0 0 0 0
0.701408 0.420275 0.0977402 0 0 0 0 0 0
0.70145 0.422462 0.0977402 0 0 0 0 0 0
0.701574 0.42894 0.0977402 0 0 0 0 0 0
0.701612 0.430965 0.0977402 0 0 0 0 0 0
0.701739 0.437606 0.0977402 0 0 0 0 0 0
0.701775 0.439468 0.0977402 0 0 0 0 0 0
0.701855 0.443659 0.0977402 0 0 0 0 0 0
0.701855 0.443659 0.0977402 0 0 0 0 0 0
0.697945 0.443298 0.0977402 0 0 0 0 0 0
0.694971 0.443022 0.0977402 0 0 0 0 0 0
0.690014 0.442564 0.0977402 0 0 0 0 0 0
0.686306 0.442221 0.0977402 0 0 0 0 0 0
0.682082 0.44183 0.0977402 0 0 0 0 0 0
0.67764 0.441419 0.0977402 0 0 0 0 0 0
0.67415 0.441096 0.0977402 0 0 0 0 0 0
0.668975 0.440617 0.0977402 0 0 0 0 0 0
0.666219 0.440362 0.0977402 0 0 0 0 0 0
0.660309 0.439815 0.0977402 0 0 0 0 0 0
0.658287 0.439628 0.0977402 0 0 0 0 0 0
0.651644 0.439013 0.0977402 0 0 0 0 0 0
0.650356 0.438894 0.0977402 0 0 0 0 0 0
0.642978 0.438211 0.0977402 0 0 0 0 0 0
0.642424 0.43816 0.0977402 0 0 0 0 0 0
0.638402 0.437788 0.0977402 0 0 0 0 0 0
0.638402 0.437788 0.0977402 0 0 0 0 0 0
0.638398 0.437606 0.0977402 0 0 0 0 0 0
0.638322 0.433597 0.0977402 0 0 0 0 0 0
0.638233 0.42894 0.0977402 0 0 0 0 0 0
0.638159 0.425094 0.0977402 0 0 0 0 0 0
0.638067 0.420275 0.0977402 0 0 0 0 0 0
0.637997 0.416591 0.0977402 0 0 0 0 0 0
0.637902 0.411609 0.0977402 0 0 0 0 0 0
0.637835 0.408087 0.0977402 0 0 0 0 0 0
0.637736 0.402944 0.0977402 0 0 0 0 0 0
0.637672 0.399584 0.0977402 0 0 0 0 0 0
0.637571 0.394278 0.0977402 0 0 0 0 0 0
0.63751 0.391081 0.0977402 0 0 0 0 0 0
0.637405 0.385613 0.0977402 0 0 0 0 0 0
0.637347 0.382578 0.0977402 0 0 0 0 0 0
0.63724 0.376947 0.0977402 0 0 0 0 0 0
0.637185 0.374075 0.0977402 0 0 0 0 0 0
0.637078 0.368464 0.0977402 0 0 0 0 0 0
0.637078 0.368464 0.0977402 0 0 0 0 0 0
0.637074 0.368282 0.0977402 0 0 0 0 0 0
0.637023 0.365572 0.0977402 0 0 0 0 0 0
0.636909 0.359616 0.0977402 0 0 0 0 0 0
0.63686 0.357069 0.0977402 0 0 0 0 0 0
0.636743 0.350951 0.0977402 0 0 0 0 0 0
0.636698 0.348566 0.0977402 0 0 0 0 0 0
0.636578 0.342285 0.0977402 0 0 0 0 0 0
0.636535 0.340063 0.0977402 0 0 0 0 0 0
0.636412 0.33362 0.0977402 0 0 0 0 0 0
0.636373 0.33156 0.0977402 0 0 0 0 0 0
0.636247 0.324954 0.0977402 0 0 0 0 0 0
0.63621 0.323056 0.0977402 0 0 0 0 0 0
0.636081 0.316289 0.0977402 0 0 0 0 0 0
0.636048 0.314553 0.0977402 0 0 0 0 0 0
0.635916 0.307623 0.0977402 0 0 0 0 0 0
0.635886 0.30605 0.0977402 0 0 0 0 0 0
0.635754 0.29914 0.0977402 0 0 0 0 0 0
0.635754 0.29914 0.0977402 0 0 0 0 0 0
0.63575 0.298958 0.0977402 0 0 0 0 0 0
0.635723 0.297547 0.0977402 0 0 0 0 0 0
0.635585 0.290292 0.0977402 0 0 0 0 0 0
0.635561 0.289044 0.0977402 0 0 0 0 0 0
0.635419 0.281627 0.0977402 0 0 0 0 0 0
0.635398 0.280541 0.0977402 0 0 0 0 0 0
0.635254 0.272961 0.0977402 0 0 0 0 0 0
0.635236 0.272038 0.0977402 0 0 0 0 0 0
0.635088 0.264295 0.0977402 0 0 0 0 0 0
0.635074 0.263535 0.0977402 0 0 0 0 0 0
0.634923 0.25563 0.0977402 0 0 0 0 0 0
0.634911 0.255032 0.0977402 0 0 0 0 0 0
0.634757 0.246964 0.0977402 0 0 0 0 0 0
0.634749 0.246529 0.0977402 0 0 0 0 0 0
0.634592 0.238299 0.0977402 0 0 0 0 0 0
0.634586 0.238025 0.0977402 0 0 0 0 0 0
0.63443 0.229816 0.0977402 0 0 0 0 0 0
0.63443 0.229816 0.0977402 0 0 0 0 0 0
0.634452 0.229633 0.0977402 0 0 0 0 0 0
0.634471 0.229476 0.0977402 0 0 0 0 0 0
0.6355 0.220968 0.0977402 0 0 0 0 0 0
0.635664 0.219617 0.0977402 0 0 0 0 0 0
0.636549 0.212302 0.0977402 0 0 0 0 0 0
0.636857 0.209758 0.0977402 0 0 0 0 0 0
0.637598 0.203637 0.0977402 0 0 0 0 0 0
0.63805 0.199899 0.0977402 0 0 0 0 0 0
0.638647 0.194971 0.0977402 0 0 0 0 0 0
0.639243 0.190041 0.0977402 0 0 0 0 0 0
0.639695 0.186306 0.0977402 0 0 0 0 0 0
0.640437 0.180182 0.0977402 0 0 0 0 0 0
0.640744 0.17764 0.0977402 0 0 0 0 0 0
0.64163 0.170323 0.0977402 0 0 0 0 0 0
0.641771 0.169157 0.0977402 0 0 0 0 0 0
0.641771 0.169157 0.0977402 0 0 0 0 0 0
0.641767 0.168975 0.0977402 0 0 0 0 0 0
0.641628 0.16166 0.0977402 0 0 0 0 0 0
0.641602 0.160309 0.0977402 0 0 0 0 0 0
0.641465 0.153157 0.0977402 0 0 0 0 0 0
0.641436 0.151644 0.0977402 0 0 0 0 0 0
0.641303 0.144654 0.0977402 0 0 0 0 0 0
0.641271 0.142978 0.0977402 0 0 0 0 0 0
0.64114 0.136151 0.0977402 0 0 0 0 0 0
0.641105 0.134313 0.0977402 0 0 0 0 0 0
0.640978 0.127647 0.0977402 0 0 0 0 0 0
0.64094 0.125647 0.0977402 0 0 0 0 0 0
0.640816 0.119144 0.0977402 0 0 0 0 0 0
0.640774 0.116982 0.0977402 0 0 0 0 0 0
0.640653 0.110641 0.0977402 0 0 0 0 0 0
0.640609 0.108316 0.0977402 0 0 0 0 0 0
0.640491 0.102138 0.0977402 0 0 0 0 0 0
0.640447 0.0998328 0.0977402 0 0 0 0 0 0
0.640447 0.0998328 0.0977402 0 0 0 0 0 0
0.640443 0.0996506 0.0977402 0 0 0 0 0 0
0.640328 0.0936351 0.0977402 0 0 0 0 0 0
0.640278 0.0909851 0.0977402 0 0 0 0 0 0
0.640166 0.085132 0.0977402 0 0 0 0 0 0
0.640112 0.0823196 0.0977402 0 0 0 0 0 0
0.640004 0.0766289 0.0977402 0 0 0 0 0 0
0.639947 0.0736541 0.0977402 0 0 0 0 0 0
0.639841 0.0681257 0.0977402 0 0 0 0 0 0
0.639781 0.0649886 0.0977402 0 0 0 0 0 0
0.639679 0.0596226 0.0977402 0 0 0 0 0 0
0.639616 0.0563231 0.0977402 0 0 0 0 0 0
0.639516 0.0511196 0.0977402 0 0 0 0 0 0
0.63945 0.0476575 0.0977402 0 0 0 0 0 0
0.639354 0.0426165 0.0977402 0 0 0 0 0 0
0.639285 0.038992 0.0977402 0 0 0 0 0 0
0.639192 0.0341133 0.0977402 0 0 0 0 0 0
0.639123 0.0305087 0.0977402 0 0 0 0 0 0
0.639123 0.0305087 0.0977402 0 0 0 0 0 0
0.639119 0.0303265 0.0977402 0 0 0 0 0 0
0.639029 0.0256102 0.0977402 0 0 0 0 0 0
0.638954 0.021661 0.0977402 0 0 0 0 0 0
0.638867 0.0171071 0.0977402 0 0 0 0 0 0
0.638788 0.0129955 0.0977402 0 0 0 0 0 0
0.638704 0.00860405 0.0977402 0 0 0 0 0 0
0.638623 0.00432998 0.0977402 0 0 0 0 0 0
0.638542 0.000100931 0.0977402 0 0 0 0 0 0
0.638457 -0.00433558 0.0977402 0 0 0 0 0 0
0.638379 -0.00840219 0.0977402 0 0 0 0 0 0
0.638292 -0.0130011 0.0977402 0 0 0 0 0 0
0.638217 -0.0169053 0.0977402 0 0 0 0 0 0
0.638126 -0.0216666 0.0977402 0 0 0 0 0 0
0.638055 -0.0254084 0.0977402 0 0 0 0 0 0
0.637961 -0.0303321 0.0977402 0 0 0 0 0 0
0.637892 -0.0339115 0.0977402 0 0 0 0 0 0
0.637799 -0.0388155 0.0977402 0 0 0 0 0 0
0.637799 -0.0388155 0.0977402 0 0 0 0 0 0
0.637795 -0.0389977 0.0977402 0 0 0 0 0 0
0.63773 -0.0424146 0.0977402 0 0 0 0 0 0
0.63763 -0.0476632 0.0977402 0 0 0 0 0 0
0.637567 -0.0509177 0.0977402 0 0 0 0 0 0
0.637464 -0.0563287 0.0977402 0 0 0 0 0 0
0.637405 -0.0594208 0.0977402 0 0 0 0 0 0
0.637298 -0.0649942 0.0977402 0 0 0 0 0 0
0.637243 -0.0679239 0.0977402 0 0 0 0 0 0
0.637133 -0.0736597 0.0977402 0 0 0 0 0 0
0.63708 -0.076427 0.0977402 0 0 0 0 0 0
0.636967 -0.0823252 0.0977402 0 0 0 0 0 0
0.636918 -0.0849301 0.0977402 0 0 0 0 0 0
0.636802 -0.0909907 0.0977402 0 0 0 0 0 0
0.636755 -0.0934332 0.0977402 0 0 0 0 0 0
0.636636 -0.0996563 0.0977402 0 0 0 0 0 0
0.636593 -0.101936 0.0977402 0 0 0 0 0 0
0.636474 -0.10814 0.0977402 0 0 0 0 0 0
0.636474 -0.10814 0.0977402 0 0 0 0 0 0
0.636471 -0.108322 0.0977402 0 0 0 0 0 0
0.63643 -0.110439 0.0977402 0 0 0 0 0 0
0.636305 -0.116987 0.0977402 0 0 0 0 0 0
0.636268 -0.118943 0.0977402 0 0 0 0 0 0
0.63614 -0.125653 0.0977402 0 0 0 0 0 0
0.636106 -0.127446 0.0977402 0 0 0 0 0 0
0.635974 -0.134318 0.0977402 0 0 0 0 0 0
0.635943 -0.135949 0.0977402 0 0 0 0 0 0
0.635809 -0.142984 0.0977402 0 0 0 0 0 0
0.635781 -0.144452 0.0977402 0 0 0 0 0 0
0.635643 -0.151649 0.0977402 0 0 0 0 0 0
0.635618 -0.152955 0.0977402 0 0 0 0 0 0
0.635478 -0.160315 0.0977402 0 0 0 0 0 0
0.635456 -0.161458 0.0977402 0 0 0 0 0 0
0.635312 -0.16898 0.0977402 0 0 0 0 0 0
0.635294 -0.169961 0.0977402 0 0 0 0 0 0
0.63515 -0.177464 0.0977402 0 0 0 0 0 0
0.63515 -0.177464 0.0977402 0 0 0 0 0 0
0.635172 -0.177646 0.0977402 0 0 0 0 0 0
0.635291 -0.178624 0.0977402 0 0 0 0 0 0
0.636221 -0.186311 0.0977402 0 0 0 0 0 0
0.636484 -0.188482 0.0977402 0 0 0 0 0 0
0.63727 -0.194977 0.0977402 0 0 0 0 0 0
0.637677 -0.198341 0.0977402 0 0 0 0 0 0
0.638319 -0.203642 0.0977402 0 0 0 0 0 0
0.63887 -0.2082 0.0977402 0 0 0 0 0 0
0.639367 -0.212308 0.0977402 0 0 0 0 0 0
0.640063 -0.218058 0.0977402 0 0 0 0 0 0
0.640416 -0.220973 0.0977402 0 0 0 0 0 0
0.641257 -0.227917 0.0977402 0 0 0 0 0 0
0.641465 -0.229639 0.0977402 0 0 0 0 0 0
0.64245 -0.237776 0.0977402 0 0 0 0 0 0
0.642492 -0.238122 0.0977402 0 0 0 0 0 0
0.642492 -0.238122 0.0977402 0 0 0 0 0 0
0.642488 -0.238305 0.0977402 0 0 0 0 0 0
0.642335 -0.246327 0.0977402 0 0 0 0 0 0
0.642323 -0.24697 0.0977402 0 0 0 0 0 0
0.642173 -0.25483 0.0977402 0 0 0 0 0 0
0.642157 -0.255636 0.0977402 0 0 0 0 0 0
0.64201 -0.263333 0.0977402 0 0 0 0 0 0
0.641992 -0.264301 0.0977402 0 0 0 0 0 0
0.641848 -0.271836 0.0977402 0 0 0 0 0 0
0.641826 -0.272967 0.0977402 0 0 0 0 0 0
0.641685 -0.280339 0.0977402 0 0 0 0 0 0
0.641661 -0.281632 0.0977402 0 0 0 0 0 0
0.641523 -0.288842 0.0977402 0 0 0 0 0 0
0.641495 -0.290298 0.0977402 0 0 0 0 0 0
0.64136 -0.297345 0.0977402 0 0 0 0 0 0
0.64133 -0.298963 0.0977402 0 0 0 0 0 0
0.641198 -0.305848 0.0977402 0 0 0 0 0 0
0.641168 -0.307446 0.0977402 0 0 0 0 0 0
0.641168 -0.307446 0.0977402 0 0 0 0 0 0
0.641164 -0.307629 0.0977402 0 0 0 0 0 0
0.641036 -0.314351 0.0977402 0 0 0 0 0 0
0.640999 -0.316294 0.0977402 0 0 0 0 0 0
0.640873 -0.322855 0.0977402 0 0 0 0 0 0
0.640833 -0.32496 0.0977402 0 0 0 0 0 0
0.640711 -0.331358 0.0977402 0 0 0 0 0 0
0.640667 -0.333625 0.0977402 0 0 0 0 0 0
0.640548 -0.339861 0.0977402 0 0 0 0 0 0
0.640502 -0.342291 0.0977402 0 0 0 0 0 0
0.640386 -0.348364 0.0977402 0 0 0 0 0 0
0.640336 -0.350956 0.0977402 0 0 0 0 0 0
0.640224 -0.356867 0.0977402 0 0 0 0 0 0
0.640171 -0.359622 0.0977402 0 0 0 0 0 0
0.640061 -0.36537 0.0977402 0 0 0 0 0 0
0.640005 -0.368287 0.0977402 0 0 0 0 0 0
0.639899 -0.373873 0.0977402 0 0 0 0 0 0
0.639843 -0.376771 0.0977402 0 0 0 0 0 0
0.639843 -0.376771 0.0977402 0 0 0 0 0 0
0.63984 -0.376953 0.0977402 0 0 0 0 0 0
0.639736 -0.382376 0.0977402 0 0 0 0 0 0
0.639674 -0.385618 0.0977402 0 0 0 0 0 0
0.639574 -0.390879 0.0977402 0 0 0 0 0 0
0.639509 -0.394284 0.0977402 0 0 0 0 0 0
0.639411 -0.399382 0.0977402 0 0 0 0 0 0
0.639343 -0.402949 0.0977402 0 0 0 0 0 0
0.639249 -0.407886 0.0977402 0 0 0 0 0 0
0.639178 -0.411615 0.0977402 0 0 0 0 0 0
0.639087 -0.416389 0.0977402 0 0 0 0 0 0
0.639012 -0.42028 0.0977402 0 0 0 0 0 0
0.638924 -0.424892 0.0977402 0 0 0 0 0 0
0.638847 -0.428946 0.0977402 0 0 0 0 0 0
0.638762 -0.433395 0.0977402 0 0 0 0 0 0
0.638681 -0.437611 0.0977402 0 0 0 0 0 0
0.638599 -0.441898 0.0977402 0 0 0 0 0 0
0.638519 -0.446095 0.0977402 0 0 0 0 0 0
0.638519 -0.446095 0.0977402 0 0 0 0 0 0
0.634313 -0.445972 0.0977402 0 0 0 0 0 0
0.633999 -0.445963 0.0977402 0 0 0 0 0 0
0.625647 -0.445721 0.0977402 0 0 0 0 0 0
0.625074 -0.445704 0.0977402 0 0 0 0 0 0
0.616982 -0.445469 0.0977402 0 0 0 0 0 0
0.616149 -0.445445 0.0977402 0 0 0 0 0 0
0.608316 -0.445217 0.0977402 0 0 0 0 0 0
0.607225 -0.445185 0.0977402 0 0 0 0 0 0
0.599651 -0.444965 0.0977402 0 0 0 0 0 0
0.5983 -0.444926 0.0977402 0 0 0 0 0 0
0.590985 -0.444713 0.0977402 0 0 0 0 0 0
0.589375 -0.444666 0.0977402 0 0 0 0 0 0
0.58232 -0.444461 0.0977402 0 0 0 0 0 0
0.58045 -0.444407 0.0977402 0 0 0 0 0 0
0.573654 -0.44421 0.0977402 0 0 0 0 0 0
0.571525 -0.444148 0.0977402 0 0 0 0 0 0
0.56712 -0.44402 0.0977402 0 0 0 0 0 0
0.56712 -0.44402 0.0977402 0 0 0 0 0 0
0.5672 -0.439823 0.0977402 0 0 0 0 0 0
0.567242 -0.437611 0.0977402 0 0 0 0 0 0
0.567363 -0.43132 0.0977402 0 0 0 0 0 0
0.567408 -0.428946 0.0977402 0 0 0 0 0 0
0.567525 -0.422817 0.0977402 0 0 0 0 0 0
0.567573 -0.42028 0.0977402 0 0 0 0 0 0
0.567687 -0.414314 0.0977402 0 0 0 0 0 0
0.567739 -0.411615 0.0977402 0 0 0 0 0 0
0.56785 -0.40581 0.0977402 0 0 0 0 0 0
0.567904 -0.402949 0.0977402 0 0 0 0 0 0
0.568012 -0.397307 0.0977402 0 0 0 0 0 0
0.56807 -0.394284 0.0977402 0 0 0 0 0 0
0.568175 -0.388804 0.0977402 0 0 0 0 0 0
0.568235 -0.385618 0.0977402 0 0 0 0 0 0
0.568337 -0.380301 0.0977402 0 0 0 0 0 0
0.568401 -0.376953 0.0977402 0 0 0 0 0 0
0.568444 -0.374695 0.0977402 0 0 0 0 0 0
0.568444 -0.374695 0.0977402 0 0 0 0 0 0
0.568499 -0.371798 0.0977402 0 0 0 0 0 0
0.568567 -0.368287 0.0977402 0 0 0 0 0 0
0.568662 -0.363295 0.0977402 0 0 0 0 0 0
0.568732 -0.359622 0.0977402 0 0 0 0 0 0
0.568824 -0.354792 0.0977402 0 0 0 0 0 0
0.568898 -0.350956 0.0977402 0 0 0 0 0 0
0.568987 -0.346289 0.0977402 0 0 0 0 0 0
0.569063 -0.342291 0.0977402 0 0 0 0 0 0
0.569149 -0.337786 0.0977402 0 0 0 0 0 0
0.569229 -0.333625 0.0977402 0 0 0 0 0 0
0.569312 -0.329283 0.0977402 0 0 0 0 0 0
0.569394 -0.32496 0.0977402 0 0 0 0 0 0
0.569474 -0.320779 0.0977402 0 0 0 0 0 0
0.56956 -0.316294 0.0977402 0 0 0 0 0 0
0.569636 -0.312276 0.0977402 0 0 0 0 0 0
0.569725 -0.307629 0.0977402 0 0 0 0 0 0
0.569768 -0.305371 0.0977402 0 0 0 0 0 0
0.569768 -0.305371 0.0977402 0 0 0 0 0 0
0.569799 -0.303773 0.0977402 0 0 0 0 0 0
0.569891 -0.298963 0.0977402 0 0 0 0 0 0
0.569961 -0.29527 0.0977402 0 0 0 0 0 0
0.570056 -0.290298 0.0977402 0 0 0 0 0 0
0.570124 -0.286767 0.0977402 0 0 0 0 0 0
0.570222 -0.281632 0.0977402 0 0 0 0 0 0
0.570286 -0.278264 0.0977402 0 0 0 0 0 0
0.570387 -0.272967 0.0977402 0 0 0 0 0 0
0.570448 -0.269761 0.0977402 0 0 0 0 0 0
0.570553 -0.264301 0.0977402 0 0 0 0 0 0
0.570611 -0.261258 0.0977402 0 0 0 0 0 0
0.570718 -0.255636 0.0977402 0 0 0 0 0 0
0.570773 -0.252755 0.0977402 0 0 0 0 0 0
0.570884 -0.24697 0.0977402 0 0 0 0 0 0
0.570936 -0.244251 0.0977402 0 0 0 0 0 0
0.571049 -0.238305 0.0977402 0 0 0 0 0 0
0.571092 -0.236047 0.0977402 0 0 0 0 0 0
0.571092 -0.236047 0.0977402 0 0 0 0 0 0
0.571099 -0.235749 0.0977402 0 0 0 0 0 0
0.571232 -0.229639 0.0977402 0 0 0 0 0 0
0.571284 -0.227269 0.0977402 0 0 0 0 0 0
0.571421 -0.220973 0.0977402 0 0 0 0 0 0
0.571469 -0.218788 0.0977402 0 0 0 0 0 0
0.571611 -0.212308 0.0977402 0 0 0 0 0 0
0.571654 -0.210308 0.0977402 0 0 0 0 0 0
0.5718 -0.203642 0.0977402 0 0 0 0 0 0
0.571839 -0.201828 0.0977402 0 0 0 0 0 0
0.571989 -0.194977 0.0977402 0 0 0 0 0 0
0.572024 -0.193347 0.0977402 0 0 0 0 0 0
0.572178 -0.186311 0.0977402 0 0 0 0 0 0
0.57221 -0.184867 0.0977402 0 0 0 0 0 0
0.572367 -0.177646 0.0977402 0 0 0 0 0 0
0.572395 -0.176386 0.0977402 0 0 0 0 0 0
0.572417 -0.175389 0.0977402 0 0 0 0 0 0
0.572417 -0.175389 0.0977402 0 0 0 0 0 0
0.571738 -0.16898 0.0977402 0 0 0 0 0 0
0.571511 -0.166837 0.0977402 0 0 0 0 0 0
0.57082 -0.160315 0.0977402 0 0 0 0 0 0
0.570485 -0.157145 0.0977402 0 0 0 0 0 0
0.569903 -0.151649 0.0977402 0 0 0 0 0 0
0.569458 -0.147453 0.0977402 0 0 0 0 0 0
0.568985 -0.142984 0.0977402 0 0 0 0 0 0
0.568432 -0.137761 0.0977402 0 0 0 0 0 0
0.568067 -0.134318 0.0977402 0 0 0 0 0 0
0.567405 -0.12807 0.0977402 0 0 0 0 0 0
0.56715 -0.125653 0.0977402 0 0 0 0 0 0
0.566379 -0.118378 0.0977402 0 0 0 0 0 0
0.566232 -0.116987 0.0977402 0 0 0 0 0 0
0.565353 -0.108686 0.0977402 0 0 0 0 0 0
0.565314 -0.108322 0.0977402 0 0 0 0 0 0
0.565075 -0.106064 0.0977402 0 0 0 0 0 0
0.565075 -0.106064 0.0977402 0 0 0 0 0 0
0.565194 -0.0998612 0.0977402 0 0 0 0 0 0
0.565198 -0.0996563 0.0977402 0 0 0 0 0 0
0.565356 -0.0913581 0.0977402 0 0 0 0 0 0
0.565363 -0.0909907 0.0977402 0 0 0 0 0 0
0.565518 -0.082855 0.0977402 0 0 0 0 0 0
0.565529 -0.0823252 0.0977402 0 0 0 0 0 0
0.565681 -0.0743519 0.0977402 0 0 0 0 0 0
0.565694 -0.0736597 0.0977402 0 0 0 0 0 0
0.565843 -0.0658488 0.0977402 0 0 0 0 0 0
0.56586 -0.0649942 0.0977402 0 0 0 0 0 0
0.566006 -0.0573457 0.0977402 0 0 0 0 0 0
0.566025 -0.0563287 0.0977402 0 0 0 0 0 0
0.566168 -0.0488426 0.0977402 0 0 0 0 0 0
0.566191 -0.0476632 0.0977402 0 0 0 0 0 0
0.566331 -0.0403395 0.0977402 0 0 0 0 0 0
0.566356 -0.0389977 0.0977402 0 0 0 0 0 0
0.566399 -0.0367403 0.0977402 0 0 0 0 0 0
0.566399 -0.0367403 0.0977402 0 0 0 0 0 0
0.566493 -0.0318363 0.0977402 0 0 0 0 0 0
0.566522 -0.0303321 0.0977402 0 0 0 0 0 0
0.566655 -0.0233332 0.0977402 0 0 0 0 0 0
0.566687 -0.0216666 0.0977402 0 0 0 0 0 0
0.566818 -0.0148302 0.0977402 0 0 0 0 0 0
0.566853 -0.0130011 0.0977402 0 0 0 0 0 0
0.56698 -0.00632707 0.0977402 0 0 0 0 0 0
0.567018 -0.00433558 0.0977402 0 0 0 0 0 0
0.567143 0.00217607 0.0977402 0 0 0 0 0 0
0.567184 0.00432998 0.0977402 0 0 0 0 0 0
0.567305 0.0106792 0.0977402 0 0 0 0 0 0
0.567349 0.0129955 0.0977402 0 0 0 0 0 0
0.567467 0.0191823 0.0977402 0 0 0 0 0 0
0.567515 0.021661 0.0977402 0 0 0 0 0 0
0.56763 0.0276853 0.0977402 0 0 0 0 0 0
0.56768 0.0303265 0.0977402 0 0 0 0 0 0
0.567723 0.0325838 0.0977402 0 0 0 0 0 0
0.567723 0.0325838 0.0977402 0 0 0 0 0 0
0.567792 0.0361885 0.0977402 0 0 0 0 0 0
0.567846 0.038992 0.0977402 0 0 0 0 0 0
0.567955 0.0446916 0.0977402 0 0 0 0 0 0
0.568011 0.0476575 0.0977402 0 0 0 0 0 0
0.568117 0.0531947 0.0977402 0 0 0 0 0 0
0.568177 0.0563231 0.0977402 0 0 0 0 0 0
0.568279 0.0616978 0.0977402 0 0 0 0 0 0
0.568342 0.0649886 0.0977402 0 0 0 0 0 0
0.568442 0.0702009 0.0977402 0 0 0 0 0 0
0.568508 0.0736541 0.0977402 0 0 0 0 0 0
0.568604 0.078704 0.0977402 0 0 0 0 0 0
0.568673 0.0823196 0.0977402 0 0 0 0 0 0
0.568767 0.0872071 0.0977402 0 0 0 0 0 0
0.568839 0.0909851 0.0977402 0 0 0 0 0 0
0.568929 0.0957102 0.0977402 0 0 0 0 0 0
0.569004 0.0996506 0.0977402 0 0 0 0 0 0
0.569048 0.101908 0.0977402 0 0 0 0 0 0
0.569048 0.101908 0.0977402 0 0 0 0 0 0
0.569092 0.104213 0.0977402 0 0 0 0 0 0
0.56917 0.108316 0.0977402 0 0 0 0 0 0
0.569254 0.112716 0.0977402 0 0 0 0 0 0
0.569335 0.116982 0.0977402 0 0 0 0 0 0
0.569416 0.121219 0.0977402 0 0 0 0 0 0
0.569501 0.125647 0.0977402 0 0 0 0 0 0
0.569579 0.129723 0.0977402 0 0 0 0 0 0
0.569666 0.134313 0.0977402 0 0 0 0 0 0
0.569741 0.138226 0.0977402 0 0 0 0 0 0
0.569832 0.142978 0.0977402 0 0 0 0 0 0
0.569904 0.146729 0.0977402 0 0 0 0 0 0
0.569998 0.151644 0.0977402 0 0 0 0 0 0
0.570066 0.155232 0.0977402 0 0 0 0 0 0
0.570163 0.160309 0.0977402 0 0 0 0 0 0
0.570228 0.163735 0.0977402 0 0 0 0 0 0
0.570329 0.168975 0.0977402 0 0 0 0 0 0
0.570372 0.171232 0.0977402 0 0 0 0 0 0
0.570372 0.171232 0.0977402 0 0 0 0 0 0
0.570394 0.172235 0.0977402 0 0 0 0 0 0
0.570512 0.17764 0.0977402 0 0 0 0 0 0
0.570579 0.180716 0.0977402 0 0 0 0 0 0
0.570701 0.186306 0.0977402 0 0 0 0 0 0
0.570764 0.189196 0.0977402 0 0 0 0 0 0
0.57089 0.194971 0.0977402 0 0 0 0 0 0
0.570949 0.197677 0.0977402 0 0 0 0 0 0
0.571079 0.203637 0.0977402 0 0 0 0 0 0
0.571134 0.206157 0.0977402 0 0 0 0 0 0
0.571268 0.212302 0.0977402 0 0 0 0 0 0
0.571319 0.214637 0.0977402 0 0 0 0 0 0
0.571457 0.220968 0.0977402 0 0 0 0 0 0
0.571504 0.223118 0.0977402 0 0 0 0 0 0
0.571647 0.229633 0.0977402 0 0 0 0 0 0
0.571689 0.231598 0.0977402 0 0 0 0 0 0
0.571696 0.231891 0.0977402 0 0 0 0 0 0
0.571696 0.231891 0.0977402 0 0 0 0 0 0
0.571818 0.238299 0.0977402 0 0 0 0 0 0
0.571853 0.240101 0.0977402 0 0 0 0 0 0
0.571984 0.246964 0.0977402 0 0 0 0 0 0
0.572015 0.248604 0.0977402 0 0 0 0 0 0
0.572149 0.25563 0.0977402 0 0 0 0 0 0
0.572177 0.257107 0.0977402 0 0 0 0 0 0
0.572315 0.264295 0.0977402 0 0 0 0 0 0
0.57234 0.26561 0.0977402 0 0 0 0 0 0
0.57248 0.272961 0.0977402 0 0 0 0 0 0
0.572502 0.274113 0.0977402 0 0 0 0 0 0
0.572646 0.281627 0.0977402 0 0 0 0 0 0
0.572665 0.282616 0.0977402 0 0 0 0 0 0
0.572811 0.290292 0.0977402 0 0 0 0 0 0
0.572827 0.291119 0.0977402 0 0 0 0 0 0
0.572977 0.298958 0.0977402 0 0 0 0 0 0
0.57299 0.299622 0.0977402 0 0 0 0 0 0
0.57302 0.301215 0.0977402 0 0 0 0 0 0
0.57302 0.301215 0.0977402 0 0 0 0 0 0
0.572341 0.307623 0.0977402 0 0 0 0 0 0
0.572186 0.309091 0.0977402 0 0 0 0 0 0
0.571424 0.316289 0.0977402 0 0 0 0 0 0
0.571159 0.318783 0.0977402 0 0 0 0 0 0
0.570506 0.324954 0.0977402 0 0 0 0 0 0
0.570133 0.328475 0.0977402 0 0 0 0 0 0
0.569588 0.33362 0.0977402 0 0 0 0 0 0
0.569107 0.338167 0.0977402 0 0 0 0 0 0
0.568671 0.342285 0.0977402 0 0 0 0 0 0
0.56808 0.347859 0.0977402 0 0 0 0 0 0
0.567753 0.350951 0.0977402 0 0 0 0 0 0
0.567054 0.357551 0.0977402 0 0 0 0 0 0
0.566835 0.359616 0.0977402 0 0 0 0 0 0
0.566028 0.367243 0.0977402 0 0 0 0 0 0
0.565918 0.368282 0.0977402 0 0 0 0 0 0
0.565679 0.370539 0.0977402 0 0 0 0 0 0
0.565679 0.370539 0.0977402 0 0 0 0 0 0
0.565786 0.37615 0.0977402 0 0 0 0 0 0
0.565801 0.376947 0.0977402 0 0 0 0 0 0
0.565948 0.384653 0.0977402 0 0 0 0 0 0
0.565966 0.385613 0.0977402 0 0 0 0 0 0
0.566111 0.393156 0.0977402 0 0 0 0 0 0
0.566132 0.394278 0.0977402 0 0 0 0 0 0
0.566273 0.401659 0.0977402 0 0 0 0 0 0
0.566298 0.402944 0.0977402 0 0 0 0 0 0
0.566435 0.410163 0.0977402 0 0 0 0 0 0
0.566463 0.411609 0.0977402 0 0 0 0 0 0
0.566598 0.418666 0.0977402 0 0 0 0 0 0
0.566629 0.420275 0.0977402 0 0 0 0 0 0
0.56676 0.427169 0.0977402 0 0 0 0 0 0
0.566794 0.42894 0.0977402 0 0 0 0 0 0
0.566923 0.435672 0.0977402 0 0 0 0 0 0
0.56696 0.437606 0.0977402 0 0 0 0 0 0
0.567003 0.439863 0.0977402 0 0 0 0 0 0
0.567003 0.439863 0.0977402 0 0 0 0 0 0
0.564989 0.43993 0.0977402 0 0 0 0 0 0
0.562585 0.440009 0.0977402 0 0 0 0 0 0
0.556323 0.440217 0.0977402 0 0 0 0 0 0
0.553623 0.440306 0.0977402 0 0 0 0 0 0
0.547658 0.440504 0.0977402 0 0 0 0 0 0
0.54466 0.440603 0.0977402 0 0 0 0 0 0
0.538992 0.440791 0.0977402 0 0 0 0 0 0
0.535698 0.4409 0.0977402 0 0 0 0 0 0
0.530327 0.441078 0.0977402 0 0 0 0 0 0
0.526735 0.441197 0.0977402 0 0 0 0 0 0
0.521661 0.441365 0.0977402 0 0 0 0 0 0
0.517773 0.441494 0.0977402 0 0 0 0 0 0
0.512996 0.441652 0.0977402 0 0 0 0 0 0
0.508811 0.441791 0.0977402 0 0 0 0 0 0
0.50433 0.441939 0.0977402 0 0 0 0 0 0
0.504266 0.441941 0.0977402 0 0 0 0 0 0
0.504266 0.441941 0.0977402 0 0 0 0 0 0
0.504186 0.43775 0.0977402 0 0 0 0 0 0
0.504183 0.437606 0.0977402 0 0 0 0 0 0
0.504024 0.429247 0.0977402 0 0 0 0 0 0
0.504018 0.42894 0.0977402 0 0 0 0 0 0
0.503861 0.420744 0.0977402 0 0 0 0 0 0
0.503852 0.420275 0.0977402 0 0 0 0 0 0
0.503699 0.412241 0.0977402 0 0 0 0 0 0
0.503687 0.411609 0.0977402 0 0 0 0 0 0
0.503536 0.403738 0.0977402 0 0 0 0 0 0
0.503521 0.402944 0.0977402 0 0 0 0 0 0
0.503374 0.395234 0.0977402 0 0 0 0 0 0
0.503356 0.394278 0.0977402 0 0 0 0 0 0
0.503211 0.386731 0.0977402 0 0 0 0 0 0
0.50319 0.385613 0.0977402 0 0 0 0 0 0
0.503049 0.378228 0.0977402 0 0 0 0 0 0
0.503025 0.376947 0.0977402 0 0 0 0 0 0
0.502942 0.372617 0.0977402 0 0 0 0 0 0
0.502942 0.372617 0.0977402 0 0 0 0 0 0
0.502887 0.369725 0.0977402 0 0 0 0 0 0
0.502859 0.368282 0.0977402 0 0 0 0 0 0
0.502724 0.361222 0.0977402 0 0 0 0 0 0
0.502693 0.359616 0.0977402 0 0 0 0 0 0
0.502562 0.352719 0.0977402 0 0 0 0 0 0
0.502528 0.350951 0.0977402 0 0 0 0 0 0
0.502399 0.344216 0.0977402 0 0 0 0 0 0
0.502362 0.342285 0.0977402 0 0 0 0 0 0
0.502237 0.335713 0.0977402 0 0 0 0 0 0
0.502197 0.33362 0.0977402 0 0 0 0 0 0
0.502075 0.32721 0.0977402 0 0 0 0 0 0
0.502031 0.324954 0.0977402 0 0 0 0 0 0
0.501912 0.318707 0.0977402 0 0 0 0 0 0
0.501866 0.316289 0.0977402 0 0 0 0 0 0
0.50175 0.310203 0.0977402 0 0 0 0 0 0
0.5017 0.307623 0.0977402 0 0 0 0 0 0
0.501618 0.303293 0.0977402 0 0 0 0 0 0
0.501618 0.303293 0.0977402 0 0 0 0 0 0
0.501587 0.3017 0.0977402 0 0 0 0 0 0
0.501535 0.298958 0.0977402 0 0 0 0 0 0
0.501425 0.293197 0.0977402 0 0 0 0 0 0
0.501369 0.290292 0.0977402 0 0 0 0 0 0
0.501262 0.284694 0.0977402 0 0 0 0 0 0
0.501204 0.281627 0.0977402 0 0 0 0 0 0
0.5011 0.276191 0.0977402 0 0 0 0 0 0
0.501038 0.272961 0.0977402 0 0 0 0 0 0
0.500938 0.267688 0.0977402 0 0 0 0 0 0
0.500873 0.264295 0.0977402 0 0 0 0 0 0
0.500775 0.259185 0.0977402 0 0 0 0 0 0
0.500707 0.25563 0.0977402 0 0 0 0 0 0
0.500613 0.250682 0.0977402 0 0 0 0 0 0
0.500542 0.246964 0.0977402 0 0 0 0 0 0
0.50045 0.242179 0.0977402 0 0 0 0 0 0
0.500376 0.238299 0.0977402 0 0 0 0 0 0
0.500294 0.233969 0.0977402 0 0 0 0 0 0
0.500294 0.233969 0.0977402 0 0 0 0 0 0
0.500287 0.233676 0.0977402 0 0 0 0 0 0
0.500199 0.229633 0.0977402 0 0 0 0 0 0
0.500102 0.225196 0.0977402 0 0 0 0 0 0
0.50001 0.220968 0.0977402 0 0 0 0 0 0
0.499917 0.216716 0.0977402 0 0 0 0 0 0
0.499821 0.212302 0.0977402 0 0 0 0 0 0
0.499732 0.208235 0.0977402 0 0 0 0 0 0
0.499631 0.203637 0.0977402 0 0 0 0 0 0
0.499547 0.199755 0.0977402 0 0 0 0 0 0
0.499442 0.194971 0.0977402 0 0 0 0 0 0
0.499362 0.191274 0.0977402 0 0 0 0 0 0
0.499253 0.186306 0.0977402 0 0 0 0 0 0
0.499176 0.182794 0.0977402 0 0 0 0 0 0
0.499064 0.17764 0.0977402 0 0 0 0 0 0
0.498991 0.174314 0.0977402 0 0 0 0 0 0
0.498969 0.17331 0.0977402 0 0 0 0 0 0
0.498969 0.17331 0.0977402 0 0 0 0 0 0
0.498887 0.168975 0.0977402 0 0 0 0 0 0
0.498826 0.165813 0.0977402 0 0 0 0 0 0
0.498721 0.160309 0.0977402 0 0 0 0 0 0
0.498664 0.15731 0.0977402 0 0 0 0 0 0
0.498556 0.151644 0.0977402 0 0 0 0 0 0
0.498501 0.148807 0.0977402 0 0 0 0 0 0
0.49839 0.142978 0.0977402 0 0 0 0 0 0
0.498339 0.140304 0.0977402 0 0 0 0 0 0
0.498225 0.134313 0.0977402 0 0 0 0 0 0
0.498177 0.131801 0.0977402 0 0 0 0 0 0
0.498059 0.125647 0.0977402 0 0 0 0 0 0
0.498014 0.123298 0.0977402 0 0 0 0 0 0
0.497893 0.116982 0.0977402 0 0 0 0 0 0
0.497852 0.114795 0.0977402 0 0 0 0 0 0
0.497728 0.108316 0.0977402 0 0 0 0 0 0
0.497689 0.106291 0.0977402 0 0 0 0 0 0
0.497645 0.103986 0.0977402 0 0 0 0 0 0
0.497645 0.103986 0.0977402 0 0 0 0 0 0
0.497562 0.0996506 0.0977402 0 0 0 0 0 0
0.497527 0.0977883 0.0977402 0 0 0 0 0 0
0.497397 0.0909851 0.0977402 0 0 0 0 0 0
0.497364 0.0892852 0.0977402 0 0 0 0 0 0
0.497231 0.0823196 0.0977402 0 0 0 0 0 0
0.497202 0.0807821 0.0977402 0 0 0 0 0 0
0.497066 0.0736541 0.0977402 0 0 0 0 0 0
0.49704 0.072279 0.0977402 0 0 0 0 0 0
0.4969 0.0649886 0.0977402 0 0 0 0 0 0
0.496877 0.0637759 0.0977402 0 0 0 0 0 0
0.496735 0.0563231 0.0977402 0 0 0 0 0 0
0.496715 0.0552728 0.0977402 0 0 0 0 0 0
0.496569 0.0476575 0.0977402 0 0 0 0 0 0
0.496552 0.0467697 0.0977402 0 0 0 0 0 0
0.496404 0.038992 0.0977402 0 0 0 0 0 0
0.49639 0.0382666 0.0977402 0 0 0 0 0 0
0.496321 0.0346619 0.0977402 0 0 0 0 0 0
0.496321 0.0346619 0.0977402 0 0 0 0 0 0
0.49678 0.0303265 0.0977402 0 0 0 0 0 0
0.496912 0.0290786 0.0977402 0 0 0 0 0 0
0.497698 0.021661 0.0977402 0 0 0 0 0 0
0.497939 0.0193868 0.0977402 0 0 0 0 0 0
0.498616 0.0129955 0.0977402 0 0 0 0 0 0
0.498965 0.00969491 0.0977402 0 0 0 0 0 0
0.499533 0.00432998 0.0977402 0 0 0 0 0 0
0.499992 3.01402e-06 0.0977402 0 0 0 0 0 0
0.500451 -0.00433558 0.0977402 0 0 0 0 0 0
0.501018 -0.00968888 0.0977402 0 0 0 0 0 0
0.501369 -0.0130011 0.0977402 0 0 0 0 0 0
0.502044 -0.0193807 0.0977402 0 0 0 0 0 0
0.502286 -0.0216666 0.0977402 0 0 0 0 0 0
0.503071 -0.0290726 0.0977402 0 0 0 0 0 0
0.503204 -0.0303321 0.0977402 0 0 0 0 0 0
0.503663 -0.0346622 0.0977402 0 0 0 0 0 0
0.503663 -0.0346622 0.0977402 0 0 0 0 0 0
0.503594 -0.0382614 0.0977402 0 0 0 0 0 0
0.50358 -0.0389977 0.0977402 0 0 0 0 0 0
0.503431 -0.0467644 0.0977402 0 0 0 0 0 0
0.503414 -0.0476632 0.0977402 0 0 0 0 0 0
0.503269 -0.0552675 0.0977402 0 0 0 0 0 0
0.503249 -0.0563287 0.0977402 0 0 0 0 0 0
0.503107 -0.0637706 0.0977402 0 0 0 0 0 0
0.503083 -0.0649942 0.0977402 0 0 0 0 0 0
0.502944 -0.0722737 0.0977402 0 0 0 0 0 0
0.502918 -0.0736597 0.0977402 0 0 0 0 0 0
0.502782 -0.0807768 0.0977402 0 0 0 0 0 0
0.502752 -0.0823252 0.0977402 0 0 0 0 0 0
0.502619 -0.0892799 0.0977402 0 0 0 0 0 0
0.502587 -0.0909907 0.0977402 0 0 0 0 0 0
0.502457 -0.097783 0.0977402 0 0 0 0 0 0
0.502421 -0.0996563 0.0977402 0 0 0 0 0 0
0.502338 -0.103986 0.0977402 0 0 0 0 0 0
0.502338 -0.103986 0.0977402 0 0 0 0 0 0
0.502294 -0.106286 0.0977402 0 0 0 0 0 0
0.502256 -0.108322 0.0977402 0 0 0 0 0 0
0.502132 -0.114789 0.0977402 0 0 0 0 0 0
0.50209 -0.116987 0.0977402 0 0 0 0 0 0
0.50197 -0.123292 0.0977402 0 0 0 0 0 0
0.501925 -0.125653 0.0977402 0 0 0 0 0 0
0.501807 -0.131795 0.0977402 0 0 0 0 0 0
0.501759 -0.134318 0.0977402 0 0 0 0 0 0
0.501645 -0.140299 0.0977402 0 0 0 0 0 0
0.501594 -0.142984 0.0977402 0 0 0 0 0 0
0.501482 -0.148802 0.0977402 0 0 0 0 0 0
0.501428 -0.151649 0.0977402 0 0 0 0 0 0
0.50132 -0.157305 0.0977402 0 0 0 0 0 0
0.501262 -0.160315 0.0977402 0 0 0 0 0 0
0.501158 -0.165808 0.0977402 0 0 0 0 0 0
0.501097 -0.16898 0.0977402 0 0 0 0 0 0
0.501014 -0.17331 0.0977402 0 0 0 0 0 0
0.501014 -0.17331 0.0977402 0 0 0 0 0 0
0.500992 -0.174308 0.0977402 0 0 0 0 0 0
0.50092 -0.177646 0.0977402 0 0 0 0 0 0
0.500807 -0.182789 0.0977402 0 0 0 0 0 0
0.50073 -0.186311 0.0977402 0 0 0 0 0 0
0.500622 -0.191269 0.0977402 0 0 0 0 0 0
0.500541 -0.194977 0.0977402 0 0 0 0 0 0
0.500437 -0.199749 0.0977402 0 0 0 0 0 0
0.500352 -0.203642 0.0977402 0 0 0 0 0 0
0.500252 -0.20823 0.0977402 0 0 0 0 0 0
0.500163 -0.212308 0.0977402 0 0 0 0 0 0
0.500067 -0.21671 0.0977402 0 0 0 0 0 0
0.499974 -0.220973 0.0977402 0 0 0 0 0 0
0.499882 -0.225191 0.0977402 0 0 0 0 0 0
0.499785 -0.229639 0.0977402 0 0 0 0 0 0
0.499697 -0.233671 0.0977402 0 0 0 0 0 0
0.49969 -0.233969 0.0977402 0 0 0 0 0 0
0.49969 -0.233969 0.0977402 0 0 0 0 0 0
0.499607 -0.238305 0.0977402 0 0 0 0 0 0
0.499533 -0.242173 0.0977402 0 0 0 0 0 0
0.499442 -0.24697 0.0977402 0 0 0 0 0 0
0.499371 -0.250676 0.0977402 0 0 0 0 0 0
0.499276 -0.255636 0.0977402 0 0 0 0 0 0
0.499209 -0.25918 0.0977402 0 0 0 0 0 0
0.499111 -0.264301 0.0977402 0 0 0 0 0 0
0.499046 -0.267683 0.0977402 0 0 0 0 0 0
0.498945 -0.272967 0.0977402 0 0 0 0 0 0
0.498884 -0.276186 0.0977402 0 0 0 0 0 0
0.49878 -0.281632 0.0977402 0 0 0 0 0 0
0.498721 -0.284689 0.0977402 0 0 0 0 0 0
0.498614 -0.290298 0.0977402 0 0 0 0 0 0
0.498559 -0.293192 0.0977402 0 0 0 0 0 0
0.498449 -0.298963 0.0977402 0 0 0 0 0 0
0.498396 -0.301695 0.0977402 0 0 0 0 0 0
0.498366 -0.303293 0.0977402 0 0 0 0 0 0
0.498366 -0.303293 0.0977402 0 0 0 0 0 0
0.498283 -0.307629 0.0977402 0 0 0 0 0 0
0.498234 -0.310198 0.0977402 0 0 0 0 0 0
0.498118 -0.316294 0.0977402 0 0 0 0 0 0
0.498072 -0.318701 0.0977402 0 0 0 0 0 0
0.497952 -0.32496 0.0977402 0 0 0 0 0 0
0.497909 -0.327204 0.0977402 0 0 0 0 0 0
0.497787 -0.333625 0.0977402 0 0 0 0 0 0
0.497747 -0.335707 0.0977402 0 0 0 0 0 0
0.497621 -0.342291 0.0977402 0 0 0 0 0 0
0.497584 -0.344211 0.0977402 0 0 0 0 0 0
0.497456 -0.350956 0.0977402 0 0 0 0 0 0
0.497422 -0.352714 0.0977402 0 0 0 0 0 0
0.49729 -0.359622 0.0977402 0 0 0 0 0 0
0.49726 -0.361217 0.0977402 0 0 0 0 0 0
0.497125 -0.368287 0.0977402 0 0 0 0 0 0
0.497097 -0.36972 0.0977402 0 0 0 0 0 0
0.497042 -0.372617 0.0977402 0 0 0 0 0 0
0.497042 -0.372617 0.0977402 0 0 0 0 0 0
0.496959 -0.376953 0.0977402 0 0 0 0 0 0
0.496935 -0.378223 0.0977402 0 0 0 0 0 0
0.496794 -0.385618 0.0977402 0 0 0 0 0 0
0.496772 -0.386726 0.0977402 0 0 0 0 0 0
0.496628 -0.394284 0.0977402 0 0 0 0 0 0
0.49661 -0.395229 0.0977402 0 0 0 0 0 0
0.496462 -0.402949 0.0977402 0 0 0 0 0 0
0.496448 -0.403732 0.0977402 0 0 0 0 0 0
0.496297 -0.411615 0.0977402 0 0 0 0 0 0
0.496285 -0.412235 0.0977402 0 0 0 0 0 0
0.496131 -0.42028 0.0977402 0 0 0 0 0 0
0.496123 -0.420739 0.0977402 0 0 0 0 0 0
0.495966 -0.428946 0.0977402 0 0 0 0 0 0
0.49596 -0.429242 0.0977402 0 0 0 0 0 0
0.4958 -0.437611 0.0977402 0 0 0 0 0 0
0.495798 -0.437745 0.0977402 0 0 0 0 0 0
0.495718 -0.441941 0.0977402 0 0 0 0 0 0
0.495718 -0.441941 0.0977402 0 0 0 0 0 0
0.495665 -0.44194 0.0977402 0 0 0 0 0 0
0.491179 -0.441791 0.0977402 0 0 0 0 0 0
0.486999 -0.441653 0.0977402 0 0 0 0 0 0
0.482216 -0.441494 0.0977402 0 0 0 0 0 0
0.478334 -0.441366 0.0977402 0 0 0 0 0 0
0.473254 -0.441197 0.0977402 0 0 0 0 0 0
0.469668 -0.441079 0.0977402 0 0 0 0 0 0
0.464292 -0.4409 0.0977402 0 0 0 0 0 0
0.461002 -0.440792 0.0977402 0 0 0 0 0 0
0.455329 -0.440604 0.0977402 0 0 0 0 0 0
0.452337 -0.440504 0.0977402 0 0 0 0 0 0
0.446367 -0.440307 0.0977402 0 0 0 0 0 0
0.443671 -0.440217 0.0977402 0 0 0 0 0 0
0.437404 -0.44001 0.0977402 0 0 0 0 0 0
0.435006 -0.43993 0.0977402 0 0 0 0 0 0
0.432981 -0.439863 0.0977402 0 0 0 0 0 0
0.432981 -0.439863 0.0977402 0 0 0 0 0 0
0.433024 -0.437611 0.0977402 0 0 0 0 0 0
0.433061 -0.435667 0.0977402 0 0 0 0 0 0
0.433189 -0.428946 0.0977402 0 0 0 0 0 0
0.433223 -0.427163 0.0977402 0 0 0 0 0 0
0.433355 -0.42028 0.0977402 0 0 0 0 0 0
0.433386 -0.41866 0.0977402 0 0 0 0 0 0
0.43352 -0.411615 0.0977402 0 0 0 0 0 0
0.433548 -0.410157 0.0977402 0 0 0 0 0 0
0.433686 -0.402949 0.0977402 0 0 0 0 0 0
0.433711 -0.401654 0.0977402 0 0 0 0 0 0
0.433851 -0.394284 0.0977402 0 0 0 0 0 0
0.433873 -0.393151 0.0977402 0 0 0 0 0 0
0.434017 -0.385618 0.0977402 0 0 0 0 0 0
0.434036 -0.384648 0.0977402 0 0 0 0 0 0
0.434183 -0.376953 0.0977402 0 0 0 0 0 0
0.434198 -0.376145 0.0977402 0 0 0 0 0 0
0.434305 -0.370539 0.0977402 0 0 0 0 0 0
0.434305 -0.370539 0.0977402 0 0 0 0 0 0
0.434067 -0.368287 0.0977402 0 0 0 0 0 0
0.433955 -0.367237 0.0977402 0 0 0 0 0 0
0.433149 -0.359622 0.0977402 0 0 0 0 0 0
0.432929 -0.357545 0.0977402 0 0 0 0 0 0
0.432231 -0.350956 0.0977402 0 0 0 0 0 0
0.431903 -0.347853 0.0977402 0 0 0 0 0 0
0.431314 -0.342291 0.0977402 0 0 0 0 0 0
0.430876 -0.338161 0.0977402 0 0 0 0 0 0
0.430396 -0.333625 0.0977402 0 0 0 0 0 0
0.42985 -0.328469 0.0977402 0 0 0 0 0 0
0.429478 -0.32496 0.0977402 0 0 0 0 0 0
0.428823 -0.318777 0.0977402 0 0 0 0 0 0
0.428561 -0.316294 0.0977402 0 0 0 0 0 0
0.427797 -0.309085 0.0977402 0 0 0 0 0 0
0.427643 -0.307629 0.0977402 0 0 0 0 0 0
0.426964 -0.301215 0.0977402 0 0 0 0 0 0
0.426964 -0.301215 0.0977402 0 0 0 0 0 0
0.426994 -0.299617 0.0977402 0 0 0 0 0 0
0.427007 -0.298963 0.0977402 0 0 0 0 0 0
0.427157 -0.291114 0.0977402 0 0 0 0 0 0
0.427172 -0.290298 0.0977402 0 0 0 0 0 0
0.427319 -0.282611 0.0977402 0 0 0 0 0 0
0.427338 -0.281632 0.0977402 0 0 0 0 0 0
0.427481 -0.274108 0.0977402 0 0 0 0 0 0
0.427503 -0.272967 0.0977402 0 0 0 0 0 0
0.427644 -0.265604 0.0977402 0 0 0 0 0 0
0.427669 -0.264301 0.0977402 0 0 0 0 0 0
0.427806 -0.257101 0.0977402 0 0 0 0 0 0
0.427834 -0.255636 0.0977402 0 0 0 0 0 0
0.427969 -0.248598 0.0977402 0 0 0 0 0 0
0.428 -0.24697 0.0977402 0 0 0 0 0 0
0.428131 -0.240095 0.0977402 0 0 0 0 0 0
0.428165 -0.238305 0.0977402 0 0 0 0 0 0
0.428288 -0.231891 0.0977402 0 0 0 0 0 0
0.428288 -0.231891 0.0977402 0 0 0 0 0 0
0.428294 -0.231593 0.0977402 0 0 0 0 0 0
0.428337 -0.229639 0.0977402 0 0 0 0 0 0
0.428479 -0.223112 0.0977402 0 0 0 0 0 0
0.428526 -0.220973 0.0977402 0 0 0 0 0 0
0.428665 -0.214632 0.0977402 0 0 0 0 0 0
0.428715 -0.212308 0.0977402 0 0 0 0 0 0
0.42885 -0.206152 0.0977402 0 0 0 0 0 0
0.428904 -0.203642 0.0977402 0 0 0 0 0 0
0.429035 -0.197671 0.0977402 0 0 0 0 0 0
0.429094 -0.194977 0.0977402 0 0 0 0 0 0
0.42922 -0.189191 0.0977402 0 0 0 0 0 0
0.429283 -0.186311 0.0977402 0 0 0 0 0 0
0.429405 -0.180711 0.0977402 0 0 0 0 0 0
0.429472 -0.177646 0.0977402 0 0 0 0 0 0
0.42959 -0.17223 0.0977402 0 0 0 0 0 0
0.429612 -0.171232 0.0977402 0 0 0 0 0 0
0.429612 -0.171232 0.0977402 0 0 0 0 0 0
0.429655 -0.16898 0.0977402 0 0 0 0 0 0
0.429755 -0.16373 0.0977402 0 0 0 0 0 0
0.42982 -0.160315 0.0977402 0 0 0 0 0 0
0.429918 -0.155227 0.0977402 0 0 0 0 0 0
0.429986 -0.151649 0.0977402 0 0 0 0 0 0
0.43008 -0.146723 0.0977402 0 0 0 0 0 0
0.430151 -0.142984 0.0977402 0 0 0 0 0 0
0.430242 -0.13822 0.0977402 0 0 0 0 0 0
0.430317 -0.134318 0.0977402 0 0 0 0 0 0
0.430405 -0.129717 0.0977402 0 0 0 0 0 0
0.430483 -0.125653 0.0977402 0 0 0 0 0 0
0.430567 -0.121214 0.0977402 0 0 0 0 0 0
0.430648 -0.116987 0.0977402 0 0 0 0 0 0
0.43073 -0.112711 0.0977402 0 0 0 0 0 0
0.430814 -0.108322 0.0977402 0 0 0 0 0 0
0.430892 -0.104208 0.0977402 0 0 0 0 0 0
0.430936 -0.101908 0.0977402 0 0 0 0 0 0
0.430936 -0.101908 0.0977402 0 0 0 0 0 0
0.430979 -0.0996563 0.0977402 0 0 0 0 0 0
0.431055 -0.0957049 0.0977402 0 0 0 0 0 0
0.431145 -0.0909907 0.0977402 0 0 0 0 0 0
0.431217 -0.0872018 0.0977402 0 0 0 0 0 0
0.43131 -0.0823252 0.0977402 0 0 0 0 0 0
0.431379 -0.0786987 0.0977402 0 0 0 0 0 0
0.431476 -0.0736597 0.0977402 0 0 0 0 0 0
0.431542 -0.0701956 0.0977402 0 0 0 0 0 0
0.431641 -0.0649942 0.0977402 0 0 0 0 0 0
0.431704 -0.0616925 0.0977402 0 0 0 0 0 0
0.431807 -0.0563287 0.0977402 0 0 0 0 0 0
0.431867 -0.0531894 0.0977402 0 0 0 0 0 0
0.431972 -0.0476632 0.0977402 0 0 0 0 0 0
0.432029 -0.0446863 0.0977402 0 0 0 0 0 0
0.432138 -0.0389977 0.0977402 0 0 0 0 0 0
0.432191 -0.0361832 0.0977402 0 0 0 0 0 0
0.43226 -0.032584 0.0977402 0 0 0 0 0 0
0.43226 -0.032584 0.0977402 0 0 0 0 0 0
0.432303 -0.0303321 0.0977402 0 0 0 0 0 0
0.432354 -0.02768 0.0977402 0 0 0 0 0 0
0.432469 -0.0216666 0.0977402 0 0 0 0 0 0
0.432516 -0.019177 0.0977402 0 0 0 0 0 0
0.432634 -0.0130011 0.0977402 0 0 0 0 0 0
0.432679 -0.0106739 0.0977402 0 0 0 0 0 0
0.4328 -0.00433558 0.0977402 0 0 0 0 0 0
0.432841 -0.00217076 0.0977402 0 0 0 0 0 0
0.432965 0.00432998 0.0977402 0 0 0 0 0 0
0.433004 0.00633237 0.0977402 0 0 0 0 0 0
0.433131 0.0129955 0.0977402 0 0 0 0 0 0
0.433166 0.0148355 0.0977402 0 0 0 0 0 0
0.433296 0.021661 0.0977402 0 0 0 0 0 0
0.433328 0.0233385 0.0977402 0 0 0 0 0 0
0.433462 0.0303265 0.0977402 0 0 0 0 0 0
0.433491 0.0318416 0.0977402 0 0 0 0 0 0
0.433584 0.0367401 0.0977402 0 0 0 0 0 0
0.433584 0.0367401 0.0977402 0 0 0 0 0 0
0.433627 0.038992 0.0977402 0 0 0 0 0 0
0.433653 0.0403448 0.0977402 0 0 0 0 0 0
0.433793 0.0476575 0.0977402 0 0 0 0 0 0
0.433816 0.0488479 0.0977402 0 0 0 0 0 0
0.433958 0.0563231 0.0977402 0 0 0 0 0 0
0.433978 0.057351 0.0977402 0 0 0 0 0 0
0.434124 0.0649886 0.0977402 0 0 0 0 0 0
0.43414 0.0658541 0.0977402 0 0 0 0 0 0
0.434289 0.0736541 0.0977402 0 0 0 0 0 0
0.434303 0.0743572 0.0977402 0 0 0 0 0 0
0.434455 0.0823196 0.0977402 0 0 0 0 0 0
0.434465 0.0828603 0.0977402 0 0 0 0 0 0
0.43462 0.0909851 0.0977402 0 0 0 0 0 0
0.434628 0.0913634 0.0977402 0 0 0 0 0 0
0.434786 0.0996506 0.0977402 0 0 0 0 0 0
0.43479 0.0998665 0.0977402 0 0 0 0 0 0
0.434908 0.106064 0.0977402 0 0 0 0 0 0
0.434908 0.106064 0.0977402 0 0 0 0 0 0
0.43467 0.108316 0.0977402 0 0 0 0 0 0
0.43463 0.108692 0.0977402 0 0 0 0 0 0
0.433752 0.116982 0.0977402 0 0 0 0 0 0
0.433604 0.118384 0.0977402 0 0 0 0 0 0
0.432835 0.125647 0.0977402 0 0 0 0 0 0
0.432577 0.128076 0.0977402 0 0 0 0 0 0
0.431917 0.134313 0.0977402 0 0 0 0 0 0
0.431551 0.137768 0.0977402 0 0 0 0 0 0
0.430999 0.142978 0.0977402 0 0 0 0 0 0
0.430525 0.147459 0.0977402 0 0 0 0 0 0
0.430082 0.151644 0.0977402 0 0 0 0 0 0
0.429498 0.157151 0.0977402 0 0 0 0 0 0
0.429164 0.160309 0.0977402 0 0 0 0 0 0
0.428472 0.166843 0.0977402 0 0 0 0 0 0
0.428246 0.168975 0.0977402 0 0 0 0 0 0
0.427567 0.175388 0.0977402 0 0 0 0 0 0
0.427567 0.175388 0.0977402 0 0 0 0 0 0
0.427589 0.176392 0.0977402 0 0 0 0 0 0
0.427616 0.17764 0.0977402 0 0 0 0 0 0
0.427774 0.184872 0.0977402 0 0 0 0 0 0
0.427805 0.186306 0.0977402 0 0 0 0 0 0
0.427959 0.193353 0.0977402 0 0 0 0 0 0
0.427995 0.194971 0.0977402 0 0 0 0 0 0
0.428144 0.201833 0.0977402 0 0 0 0 0 0
0.428184 0.203637 0.0977402 0 0 0 0 0 0
0.428329 0.210313 0.0977402 0 0 0 0 0 0
0.428373 0.212302 0.0977402 0 0 0 0 0 0
0.428515 0.218794 0.0977402 0 0 0 0 0 0
0.428562 0.220968 0.0977402 0 0 0 0 0 0
0.4287 0.227274 0.0977402 0 0 0 0 0 0
0.428751 0.229633 0.0977402 0 0 0 0 0 0
0.428885 0.235754 0.0977402 0 0 0 0 0 0
0.428891 0.236047 0.0977402 0 0 0 0 0 0
0.428891 0.236047 0.0977402 0 0 0 0 0 0
0.428934 0.238299 0.0977402 0 0 0 0 0 0
0.429048 0.244257 0.0977402 0 0 0 0 0 0
0.4291 0.246964 0.0977402 0 0 0 0 0 0
0.42921 0.25276 0.0977402 0 0 0 0 0 0
0.429265 0.25563 0.0977402 0 0 0 0 0 0
0.429373 0.261263 0.0977402 0 0 0 0 0 0
0.429431 0.264295 0.0977402 0 0 0 0 0 0
0.429535 0.269766 0.0977402 0 0 0 0 0 0
0.429596 0.272961 0.0977402 0 0 0 0 0 0
0.429698 0.278269 0.0977402 0 0 0 0 0 0
0.429762 0.281627 0.0977402 0 0 0 0 0 0
0.42986 0.286772 0.0977402 0 0 0 0 0 0
0.429927 0.290292 0.0977402 0 0 0 0 0 0
0.430022 0.295275 0.0977402 0 0 0 0 0 0
0.430093 0.298958 0.0977402 0 0 0 0 0 0
0.430185 0.303779 0.0977402 0 0 0 0 0 0
0.430215 0.305371 0.0977402 0 0 0 0 0 0
0.430215 0.305371 0.0977402 0 0 0 0 0 0
0.430258 0.307623 0.0977402 0 0 0 0 0 0
0.430347 0.312282 0.0977402 0 0 0 0 0 0
0.430424 0.316289 0.0977402 0 0 0 0 0 0
0.43051 0.320785 0.0977402 0 0 0 0 0 0
0.430589 0.324954 0.0977402 0 0 0 0 0 0
0.430672 0.329288 0.0977402 0 0 0 0 0 0
0.430755 0.33362 0.0977402 0 0 0 0 0 0
0.430835 0.337791 0.0977402 0 0 0 0 0 0
0.43092 0.342285 0.0977402 0 0 0 0 0 0
0.430997 0.346294 0.0977402 0 0 0 0 0 0
0.431086 0.350951 0.0977402 0 0 0 0 0 0
0.431159 0.354797 0.0977402 0 0 0 0 0 0
0.431251 0.359616 0.0977402 0 0 0 0 0 0
0.431322 0.3633 0.0977402 0 0 0 0 0 0
0.431417 0.368282 0.0977402 0 0 0 0 0 0
0.431484 0.371803 0.0977402 0 0 0 0 0 0
0.431539 0.374695 0.0977402 0 0 0 0 0 0
0.431539 0.374695 0.0977402 0 0 0 0 0 0
0.431582 0.376947 0.0977402 0 0 0 0 0 0
0.431647 0.380306 0.0977402 0 0 0 0 0 0
0.431748 0.385613 0.0977402 0 0 0 0 0 0
0.431809 0.38881 0.0977402 0 0 0 0 0 0
0.431914 0.394278 0.0977402 0 0 0 0 0 0
0.431971 0.397313 0.0977402 0 0 0 0 0 0
0.432079 0.402944 0.0977402 0 0 0 0 0 0
0.432134 0.405816 0.0977402 0 0 0 0 0 0
0.432245 0.411609 0.0977402 0 0 0 0 0 0
0.432296 0.414319 0.0977402 0 0 0 0 0 0
0.43241 0.420275 0.0977402 0 0 0 0 0 0
0.432459 0.422822 0.0977402 0 0 0 0 0 0
0.432576 0.42894 0.0977402 0 0 0 0 0 0
0.432621 0.431325 0.0977402 0 0 0 0 0 0
0.432741 0.437606 0.0977402 0 0 0 0 0 0
0.432784 0.439828 0.0977402 0 0 0 0 0 0
0.432864 0.444019 0.0977402 0 0 0 0 0 0
0.432864 0.444019 0.0977402 0 0 0 0 0 0
0.428464 0.444147 0.0977402 0 0 0 0 0 0
0.42634 0.444209 0.0977402 0 0 0 0 0 0
0.41954 0.444407 0.0977402 0 0 0 0 0 0
0.417675 0.444461 0.0977402 0 0 0 0 0 0
0.410615 0.444666 0.0977402 0 0 0 0 0 0
0.409009 0.444713 0.0977402 0 0 0 0 0 0
0.40169 0.444925 0.0977402 0 0 0 0 0 0
0.400344 0.444965 0.0977402 0 0 0 0 0 0
0.392765 0.445185 0.0977402 0 0 0 0 0 0
0.391678 0.445216 0.0977402 0 0 0 0 0 0
0.38384 0.445444 0.0977402 0 0 0 0 0 0
0.383013 0.445468 0.0977402 0 0 0 0 0 0
0.374915 0.445704 0.0977402 0 0 0 0 0 0
0.374347 0.44572 0.0977402 0 0 0 0 0 0
0.36599 0.445963 0.0977402 0 0 0 0 0 0
0.365682 0.445972 0.0977402 0 0 0 0 0 0
0.361464 0.446095 0.0977402 0 0 0 0 0 0
0.361464 0.446095 0.0977402 0 0 0 0 0 0
0.361384 0.441903 0.0977402 0 0 0 0 0 0
0.361302 0.437606 0.0977402 0 0 0 0 0 0
0.361222 0.4334 0.0977402 0 0 0 0 0 0
0.361137 0.42894 0.0977402 0 0 0 0 0 0
0.361059 0.424897 0.0977402 0 0 0 0 0 0
0.360971 0.420275 0.0977402 0 0 0 0 0 0
0.360897 0.416394 0.0977402 0 0 0 0 0 0
0.360806 0.411609 0.0977402 0 0 0 0 0 0
0.360735 0.407891 0.0977402 0 0 0 0 0 0
0.36064 0.402944 0.0977402 0 0 0 0 0 0
0.360572 0.399388 0.0977402 0 0 0 0 0 0
0.360475 0.394278 0.0977402 0 0 0 0 0 0
0.36041 0.390885 0.0977402 0 0 0 0 0 0
0.360309 0.385613 0.0977402 0 0 0 0 0 0
0.360247 0.382382 0.0977402 0 0 0 0 0 0
0.360144 0.376947 0.0977402 0 0 0 0 0 0
0.36014 0.37677 0.0977402 0 0 0 0 0 0
0.36014 0.37677 0.0977402 0 0 0 0 0 0
0.360085 0.373878 0.0977402 0 0 0 0 0 0
0.359978 0.368282 0.0977402 0 0 0 0 0 0
0.359923 0.365375 0.0977402 0 0 0 0 0 0
0.359813 0.359616 0.0977402 0 0 0 0 0 0
0.35976 0.356872 0.0977402 0 0 0 0 0 0
0.359647 0.350951 0.0977402 0 0 0 0 0 0
0.359598 0.348369 0.0977402 0 0 0 0 0 0
0.359482 0.342285 0.0977402 0 0 0 0 0 0
0.359435 0.339866 0.0977402 0 0 0 0 0 0
0.359316 0.33362 0.0977402 0 0 0 0 0 0
0.359273 0.331363 0.0977402 0 0 0 0 0 0
0.35915 0.324954 0.0977402 0 0 0 0 0 0
0.35911 0.32286 0.0977402 0 0 0 0 0 0
0.358985 0.316289 0.0977402 0 0 0 0 0 0
0.358948 0.314357 0.0977402 0 0 0 0 0 0
0.358819 0.307623 0.0977402 0 0 0 0 0 0
0.358816 0.307446 0.0977402 0 0 0 0 0 0
0.358816 0.307446 0.0977402 0 0 0 0 0 0
0.358786 0.305854 0.0977402 0 0 0 0 0 0
0.358654 0.298958 0.0977402 0 0 0 0 0 0
0.358623 0.297351 0.0977402 0 0 0 0 0 0
0.358488 0.290292 0.0977402 0 0 0 0 0 0
0.358461 0.288847 0.0977402 0 0 0 0 0 0
0.358323 0.281627 0.0977402 0 0 0 0 0 0
0.358298 0.280344 0.0977402 0 0 0 0 0 0
0.358157 0.272961 0.0977402 0 0 0 0 0 0
0.358136 0.271841 0.0977402 0 0 0 0 0 0
0.357992 0.264295 0.0977402 0 0 0 0 0 0
0.357974 0.263338 0.0977402 0 0 0 0 0 0
0.357826 0.25563 0.0977402 0 0 0 0 0 0
0.357811 0.254835 0.0977402 0 0 0 0 0 0
0.357661 0.246964 0.0977402 0 0 0 0 0 0
0.357649 0.246332 0.0977402 0 0 0 0 0 0
0.357495 0.238299 0.0977402 0 0 0 0 0 0
0.357492 0.238122 0.0977402 0 0 0 0 0 0
0.357492 0.238122 0.0977402 0 0 0 0 0 0
0.357533 0.237782 0.0977402 0 0 0 0 0 0
0.358519 0.229633 0.0977402 0 0 0 0 0 0
0.358726 0.227923 0.0977402 0 0 0 0 0 0
0.359568 0.220968 0.0977402 0 0 0 0 0 0
0.359919 0.218065 0.0977402 0 0 0 0 0 0
0.360617 0.212302 0.0977402 0 0 0 0 0 0
0.361113 0.208206 0.0977402 0 0 0 0 0 0
0.361666 0.203637 0.0977402 0 0 0 0 0 0
0.362306 0.198347 0.0977402 0 0 0 0 0 0
0.362714 0.194971 0.0977402 0 0 0 0 0 0
0.363499 0.188489 0.0977402 0 0 0 0 0 0
0.363763 0.186306 0.0977402 0 0 0 0 0 0
0.364692 0.17863 0.0977402 0 0 0 0 0 0
0.364812 0.17764 0.0977402 0 0 0 0 0 0
0.364833 0.177464 0.0977402 0 0 0 0 0 0
0.364833 0.177464 0.0977402 0 0 0 0 0 0
0.36469 0.169966 0.0977402 0 0 0 0 0 0
0.364671 0.168975 0.0977402 0 0 0 0 0 0
0.364528 0.161463 0.0977402 0 0 0 0 0 0
0.364506 0.160309 0.0977402 0 0 0 0 0 0
0.364365 0.15296 0.0977402 0 0 0 0 0 0
0.36434 0.151644 0.0977402 0 0 0 0 0 0
0.364203 0.144457 0.0977402 0 0 0 0 0 0
0.364175 0.142978 0.0977402 0 0 0 0 0 0
0.36404 0.135954 0.0977402 0 0 0 0 0 0
0.364009 0.134313 0.0977402 0 0 0 0 0 0
0.363878 0.127451 0.0977402 0 0 0 0 0 0
0.363844 0.125647 0.0977402 0 0 0 0 0 0
0.363716 0.118948 0.0977402 0 0 0 0 0 0
0.363678 0.116982 0.0977402 0 0 0 0 0 0
0.363553 0.110445 0.0977402 0 0 0 0 0 0
0.363513 0.108316 0.0977402 0 0 0 0 0 0
0.363509 0.108139 0.0977402 0 0 0 0 0 0
0.363509 0.108139 0.0977402 0 0 0 0 0 0
0.363391 0.101942 0.0977402 0 0 0 0 0 0
0.363347 0.0996506 0.0977402 0 0 0 0 0 0
0.363228 0.0934385 0.0977402 0 0 0 0 0 0
0.363182 0.0909851 0.0977402 0 0 0 0 0 0
0.363066 0.0849354 0.0977402 0 0 0 0 0 0
0.363016 0.0823196 0.0977402 0 0 0 0 0 0
0.362904 0.0764323 0.0977402 0 0 0 0 0 0
0.36285 0.0736541 0.0977402 0 0 0 0 0 0
0.362741 0.0679292 0.0977402 0 0 0 0 0 0
0.362685 0.0649886 0.0977402 0 0 0 0 0 0
0.362579 0.0594261 0.0977402 0 0 0 0 0 0
0.362519 0.0563231 0.0977402 0 0 0 0 0 0
0.362416 0.050923 0.0977402 0 0 0 0 0 0
0.362354 0.0476575 0.0977402 0 0 0 0 0 0
0.362254 0.0424199 0.0977402 0 0 0 0 0 0
0.362188 0.038992 0.0977402 0 0 0 0 0 0
0.362185 0.0388153 0.0977402 0 0 0 0 0 0
0.362185 0.0388153 0.0977402 0 0 0 0 0 0
0.362091 0.0339168 0.0977402 0 0 0 0 0 0
0.362023 0.0303265 0.0977402 0 0 0 0 0 0
0.361929 0.0254137 0.0977402 0 0 0 0 0 0
0.361857 0.021661 0.0977402 0 0 0 0 0 0
0.361767 0.0169106 0.0977402 0 0 0 0 0 0
0.361692 0.0129955 0.0977402 0 0 0 0 0 0
0.361604 0.00840751 0.0977402 0 0 0 0 0 0
0.361526 0.00432998 0.0977402 0 0 0 0 0 0
0.361442 -9.56134e-05 0.0977402 0 0 0 0 0 0
0.361361 -0.00433558 0.0977402 0 0 0 0 0 0
0.361279 -0.00859873 0.0977402 0 0 0 0 0 0
0.361195 -0.0130011 0.0977402 0 0 0 0 0 0
0.361117 -0.0171018 0.0977402 0 0 0 0 0 0
0.36103 -0.0216666 0.0977402 0 0 0 0 0 0
0.360955 -0.0256049 0.0977402 0 0 0 0 0 0
0.360864 -0.0303321 0.0977402 0 0 0 0 0 0
0.360861 -0.0305089 0.0977402 0 0 0 0 0 0
0.360861 -0.0305089 0.0977402 0 0 0 0 0 0
0.360792 -0.034108 0.0977402 0 0 0 0 0 0
0.360699 -0.0389977 0.0977402 0 0 0 0 0 0
0.36063 -0.0426111 0.0977402 0 0 0 0 0 0
0.360533 -0.0476632 0.0977402 0 0 0 0 0 0
0.360467 -0.0511142 0.0977402 0 0 0 0 0 0
0.360368 -0.0563287 0.0977402 0 0 0 0 0 0
0.360305 -0.0596173 0.0977402 0 0 0 0 0 0
0.360202 -0.0649942 0.0977402 0 0 0 0 0 0
0.360143 -0.0681204 0.0977402 0 0 0 0 0 0
0.360037 -0.0736597 0.0977402 0 0 0 0 0 0
0.35998 -0.0766235 0.0977402 0 0 0 0 0 0
0.359871 -0.0823252 0.0977402 0 0 0 0 0 0
0.359818 -0.0851266 0.0977402 0 0 0 0 0 0
0.359706 -0.0909907 0.0977402 0 0 0 0 0 0
0.359655 -0.0936297 0.0977402 0 0 0 0 0 0
0.35954 -0.0996563 0.0977402 0 0 0 0 0 0
0.359537 -0.099833 0.0977402 0 0 0 0 0 0
0.359537 -0.099833 0.0977402 0 0 0 0 0 0
0.359493 -0.102133 0.0977402 0 0 0 0 0 0
0.359375 -0.108322 0.0977402 0 0 0 0 0 0
0.35933 -0.110636 0.0977402 0 0 0 0 0 0
0.359209 -0.116987 0.0977402 0 0 0 0 0 0
0.359168 -0.119139 0.0977402 0 0 0 0 0 0
0.359044 -0.125653 0.0977402 0 0 0 0 0 0
0.359006 -0.127642 0.0977402 0 0 0 0 0 0
0.358878 -0.134318 0.0977402 0 0 0 0 0 0
0.358843 -0.136145 0.0977402 0 0 0 0 0 0
0.358713 -0.142984 0.0977402 0 0 0 0 0 0
0.358681 -0.144648 0.0977402 0 0 0 0 0 0
0.358547 -0.151649 0.0977402 0 0 0 0 0 0
0.358518 -0.153151 0.0977402 0 0 0 0 0 0
0.358382 -0.160315 0.0977402 0 0 0 0 0 0
0.358356 -0.161655 0.0977402 0 0 0 0 0 0
0.358216 -0.16898 0.0977402 0 0 0 0 0 0
0.358213 -0.169157 0.0977402 0 0 0 0 0 0
0.358213 -0.169157 0.0977402 0 0 0 0 0 0
0.358353 -0.170317 0.0977402 0 0 0 0 0 0
0.35924 -0.177646 0.0977402 0 0 0 0 0 0
0.359546 -0.180176 0.0977402 0 0 0 0 0 0
0.360289 -0.186311 0.0977402 0 0 0 0 0 0
0.360739 -0.190035 0.0977402 0 0 0 0 0 0
0.361338 -0.194977 0.0977402 0 0 0 0 0 0
0.361933 -0.199893 0.0977402 0 0 0 0 0 0
0.362386 -0.203642 0.0977402 0 0 0 0 0 0
0.363126 -0.209752 0.0977402 0 0 0 0 0 0
0.363435 -0.212308 0.0977402 0 0 0 0 0 0
0.364319 -0.219611 0.0977402 0 0 0 0 0 0
0.364484 -0.220973 0.0977402 0 0 0 0 0 0
0.365512 -0.229469 0.0977402 0 0 0 0 0 0
0.365533 -0.229639 0.0977402 0 0 0 0 0 0
0.365554 -0.229816 0.0977402 0 0 0 0 0 0
0.365554 -0.229816 0.0977402 0 0 0 0 0 0
0.365397 -0.23802 0.0977402 0 0 0 0 0 0
0.365392 -0.238305 0.0977402 0 0 0 0 0 0
0.365235 -0.246523 0.0977402 0 0 0 0 0 0
0.365226 -0.24697 0.0977402 0 0 0 0 0 0
0.365072 -0.255026 0.0977402 0 0 0 0 0 0
0.365061 -0.255636 0.0977402 0 0 0 0 0 0
0.36491 -0.263529 0.0977402 0 0 0 0 0 0
0.364895 -0.264301 0.0977402 0 0 0 0 0 0
0.364748 -0.272032 0.0977402 0 0 0 0 0 0
0.36473 -0.272967 0.0977402 0 0 0 0 0 0
0.364585 -0.280536 0.0977402 0 0 0 0 0 0
0.364564 -0.281632 0.0977402 0 0 0 0 0 0
0.364423 -0.289039 0.0977402 0 0 0 0 0 0
0.364399 -0.290298 0.0977402 0 0 0 0 0 0
0.36426 -0.297542 0.0977402 0 0 0 0 0 0
0.364233 -0.298963 0.0977402 0 0 0 0 0 0
0.36423 -0.29914 0.0977402 0 0 0 0 0 0
0.36423 -0.29914 0.0977402 0 0 0 0 0 0
0.364098 -0.306045 0.0977402 0 0 0 0 0 0
0.364068 -0.307629 0.0977402 0 0 0 0 0 0
0.363936 -0.314548 0.0977402 0 0 0 0 0 0
0.363902 -0.316294 0.0977402 0 0 0 0 0 0
0.363773 -0.323051 0.0977402 0 0 0 0 0 0
0.363737 -0.32496 0.0977402 0 0 0 0 0 0
0.363611 -0.331554 0.0977402 0 0 0 0 0 0
0.363571 -0.333625 0.0977402 0 0 0 0 0 0
0.363448 -0.340057 0.0977402 0 0 0 0 0 0
0.363406 -0.342291 0.0977402 0 0 0 0 0 0
0.363286 -0.34856 0.0977402 0 0 0 0 0 0
0.36324 -0.350956 0.0977402 0 0 0 0 0 0
0.363124 -0.357063 0.0977402 0 0 0 0 0 0
0.363075 -0.359622 0.0977402 0 0 0 0 0 0
0.362961 -0.365567 0.0977402 0 0 0 0 0 0
0.362909 -0.368287 0.0977402 0 0 0 0 0 0
0.362906 -0.368464 0.0977402 0 0 0 0 0 0
0.362906 -0.368464 0.0977402 0 0 0 0 0 0
0.362799 -0.37407 0.0977402 0 0 0 0 0 0
0.362744 -0.376953 0.0977402 0 0 0 0 0 0
0.362636 -0.382573 0.0977402 0 0 0 0 0 0
0.362578 -0.385618 0.0977402 0 0 0 0 0 0
0.362474 -0.391076 0.0977402 0 0 0 0 0 0
0.362413 -0.394284 0.0977402 0 0 0 0 0 0
0.362311 -0.399579 0.0977402 0 0 0 0 0 0
0.362247 -0.402949 0.0977402 0 0 0 0 0 0
0.362149 -0.408082 0.0977402 0 0 0 0 0 0
0.362082 -0.411615 0.0977402 0 0 0 0 0 0
0.361987 -0.416585 0.0977402 0 0 0 0 0 0
0.361916 -0.42028 0.0977402 0 0 0 0 0 0
0.361824 -0.425088 0.0977402 0 0 0 0 0 0
0.361751 -0.428946 0.0977402 0 0 0 0 0 0
0.361662 -0.433591 0.0977402 0 0 0 0 0 0
0.361585 -0.437611 0.0977402 0 0 0 0 0 0
0.361582 -0.437788 0.0977402 0 0 0 0 0 0
0.361582 -0.437788 0.0977402 0 0 0 0 0 0
0.357565 -0.43816 0.0977402 0 0 0 0 0 0
0.357016 -0.438211 0.0977402 0 0 0 0 0 0
0.349633 -0.438894 0.0977402 0 0 0 0 0 0
0.348351 -0.439012 0.0977402 0 0 0 0 0 0
0.341702 -0.439628 0.0977402 0 0 0 0 0 0
0.339685 -0.439814 0.0977402 0 0 0 0 0 0
0.33377 -0.440362 0.0977402 0 0 0 0 0 0
0.33102 -0.440616 0.0977402 0 0 0 0 0 0
0.325838 -0.441096 0.0977402 0 0 0 0 0 0
0.322354 -0.441418 0.0977402 0 0 0 0 0 0
0.317907 -0.441829 0.0977402 0 0 0 0 0 0
0.313689 -0.44222 0.0977402 0 0 0 0 0 0
0.309975 -0.442563 0.0977402 0 0 0 0 0 0
0.305023 -0.443022 0.0977402 0 0 0 0 0 0
0.302044 -0.443297 0.0977402 0 0 0 0 0 0
0.298129 -0.44366 0.0977402 0 0 0 0 0 0
0.298129 -0.44366 0.0977402 0 0 0 0 0 0
0.298209 -0.439463 0.0977402 0 0 0 0 0 0
0.298244 -0.437611 0.0977402 0 0 0 0 0 0
0.298371 -0.43096 0.0977402 0 0 0 0 0 0
0.29841 -0.428946 0.0977402 0 0 0 0 0 0
0.298534 -0.422457 0.0977402 0 0 0 0 0 0
0.298575 -0.42028 0.0977402 0 0 0 0 0 0
0.298696 -0.413954 0.0977402 0 0 0 0 0 0
0.298741 -0.411615 0.0977402 0 0 0 0 0 0
0.298859 -0.40545 0.0977402 0 0 0 0 0 0
0.298906 -0.402949 0.0977402 0 0 0 0 0 0
0.299021 -0.396947 0.0977402 0 0 0 0 0 0
0.299072 -0.394284 0.0977402 0 0 0 0 0 0
0.299184 -0.388444 0.0977402 0 0 0 0 0 0
0.299238 -0.385618 0.0977402 0 0 0 0 0 0
0.299346 -0.379941 0.0977402 0 0 0 0 0 0
0.299403 -0.376953 0.0977402 0 0 0 0 0 0
0.299453 -0.374335 0.0977402 0 0 0 0 0 0
0.299453 -0.374335 0.0977402 0 0 0 0 0 0
0.299508 -0.371438 0.0977402 0 0 0 0 0 0
0.299569 -0.368287 0.0977402 0 0 0 0 0 0
0.299671 -0.362935 0.0977402 0 0 0 0 0 0
0.299734 -0.359622 0.0977402 0 0 0 0 0 0
0.299833 -0.354432 0.0977402 0 0 0 0 0 0
0.2999 -0.350956 0.0977402 0 0 0 0 0 0
0.299996 -0.345929 0.0977402 0 0 0 0 0 0
0.300065 -0.342291 0.0977402 0 0 0 0 0 0
0.300158 -0.337426 0.0977402 0 0 0 0 0 0
0.300231 -0.333625 0.0977402 0 0 0 0 0 0
0.30032 -0.328922 0.0977402 0 0 0 0 0 0
0.300396 -0.32496 0.0977402 0 0 0 0 0 0
0.300483 -0.320419 0.0977402 0 0 0 0 0 0
0.300562 -0.316294 0.0977402 0 0 0 0 0 0
0.300645 -0.311916 0.0977402 0 0 0 0 0 0
0.300727 -0.307629 0.0977402 0 0 0 0 0 0
0.300777 -0.305011 0.0977402 0 0 0 0 0 0
0.300777 -0.305011 0.0977402 0 0 0 0 0 0
0.300808 -0.303413 0.0977402 0 0 0 0 0 0
0.300893 -0.298963 0.0977402 0 0 0 0 0 0
0.30097 -0.29491 0.0977402 0 0 0 0 0 0
0.301058 -0.290298 0.0977402 0 0 0 0 0 0
0.301133 -0.286407 0.0977402 0 0 0 0 0 0
0.301224 -0.281632 0.0977402 0 0 0 0 0 0
0.301295 -0.277904 0.0977402 0 0 0 0 0 0
0.301389 -0.272967 0.0977402 0 0 0 0 0 0
0.301457 -0.269401 0.0977402 0 0 0 0 0 0
0.301555 -0.264301 0.0977402 0 0 0 0 0 0
0.30162 -0.260898 0.0977402 0 0 0 0 0 0
0.30172 -0.255636 0.0977402 0 0 0 0 0 0
0.301782 -0.252395 0.0977402 0 0 0 0 0 0
0.301886 -0.24697 0.0977402 0 0 0 0 0 0
0.301945 -0.243891 0.0977402 0 0 0 0 0 0
0.302051 -0.238305 0.0977402 0 0 0 0 0 0
0.302101 -0.235687 0.0977402 0 0 0 0 0 0
0.302101 -0.235687 0.0977402 0 0 0 0 0 0
0.302108 -0.235389 0.0977402 0 0 0 0 0 0
0.302233 -0.229639 0.0977402 0 0 0 0 0 0
0.302293 -0.226909 0.0977402 0 0 0 0 0 0
0.302422 -0.220973 0.0977402 0 0 0 0 0 0
0.302478 -0.218428 0.0977402 0 0 0 0 0 0
0.302612 -0.212308 0.0977402 0 0 0 0 0 0
0.302663 -0.209948 0.0977402 0 0 0 0 0 0
0.302801 -0.203642 0.0977402 0 0 0 0 0 0
0.302848 -0.201468 0.0977402 0 0 0 0 0 0
0.30299 -0.194977 0.0977402 0 0 0 0 0 0
0.303033 -0.192987 0.0977402 0 0 0 0 0 0
0.303179 -0.186311 0.0977402 0 0 0 0 0 0
0.303219 -0.184507 0.0977402 0 0 0 0 0 0
0.303368 -0.177646 0.0977402 0 0 0 0 0 0
0.303404 -0.176026 0.0977402 0 0 0 0 0 0
0.303425 -0.175029 0.0977402 0 0 0 0 0 0
0.303425 -0.175029 0.0977402 0 0 0 0 0 0
0.303541 -0.16898 0.0977402 0 0 0 0 0 0
0.303569 -0.167526 0.0977402 0 0 0 0 0 0
0.303706 -0.160315 0.0977402 0 0 0 0 0 0
0.303731 -0.159023 0.0977402 0 0 0 0 0 0
0.303872 -0.151649 0.0977402 0 0 0 0 0 0
0.303894 -0.15052 0.0977402 0 0 0 0 0 0
0.304038 -0.142984 0.0977402 0 0 0 0 0 0
0.304056 -0.142017 0.0977402 0 0 0 0 0 0
0.304203 -0.134318 0.0977402 0 0 0 0 0 0
0.304218 -0.133514 0.0977402 0 0 0 0 0 0
0.304369 -0.125653 0.0977402 0 0 0 0 0 0
0.304381 -0.12501 0.0977402 0 0 0 0 0 0
0.304534 -0.116987 0.0977402 0 0 0 0 0 0
0.304543 -0.116507 0.0977402 0 0 0 0 0 0
0.3047 -0.108322 0.0977402 0 0 0 0 0 0
0.304706 -0.108004 0.0977402 0 0 0 0 0 0
0.30475 -0.105704 0.0977402 0 0 0 0 0 0
0.30475 -0.105704 0.0977402 0 0 0 0 0 0
0.304109 -0.0996563 0.0977402 0 0 0 0 0 0
0.304001 -0.0986339 0.0977402 0 0 0 0 0 0
0.303191 -0.0909907 0.0977402 0 0 0 0 0 0
0.302974 -0.088942 0.0977402 0 0 0 0 0 0
0.302274 -0.0823252 0.0977402 0 0 0 0 0 0
0.301948 -0.0792501 0.0977402 0 0 0 0 0 0
0.301356 -0.0736597 0.0977402 0 0 0 0 0 0
0.300922 -0.0695582 0.0977402 0 0 0 0 0 0
0.300438 -0.0649942 0.0977402 0 0 0 0 0 0
0.299895 -0.0598664 0.0977402 0 0 0 0 0 0
0.299521 -0.0563287 0.0977402 0 0 0 0 0 0
0.298869 -0.0501745 0.0977402 0 0 0 0 0 0
0.298603 -0.0476632 0.0977402 0 0 0 0 0 0
0.297843 -0.0404826 0.0977402 0 0 0 0 0 0
0.297685 -0.0389977 0.0977402 0 0 0 0 0 0
0.297408 -0.0363803 0.0977402 0 0 0 0 0 0
0.297408 -0.0363803 0.0977402 0 0 0 0 0 0
0.297502 -0.0314763 0.0977402 0 0 0 0 0 0
0.297524 -0.0303321 0.0977402 0 0 0 0 0 0
0.297664 -0.0229732 0.0977402 0 0 0 0 0 0
0.297689 -0.0216666 0.0977402 0 0 0 0 0 0
0.297827 -0.0144701 0.0977402 0 0 0 0 0 0
0.297855 -0.0130011 0.0977402 0 0 0 0 0 0
0.297989 -0.00596703 0.0977402 0 0 0 0 0 0
0.29802 -0.00433558 0.0977402 0 0 0 0 0 0
0.298152 0.00253611 0.0977402 0 0 0 0 0 0
0.298186 0.00432998 0.0977402 0 0 0 0 0 0
0.298314 0.0110392 0.0977402 0 0 0 0 0 0
0.298351 0.0129955 0.0977402 0 0 0 0 0 0
0.298476 0.0195423 0.0977402 0 0 0 0 0 0
0.298517 0.021661 0.0977402 0 0 0 0 0 0
0.298639 0.0280454 0.0977402 0 0 0 0 0 0
0.298682 0.0303265 0.0977402 0 0 0 0 0 0
0.298732 0.0329439 0.0977402 0 0 0 0 0 0
0.298732 0.0329439 0.0977402 0 0 0 0 0 0
0.298801 0.0365485 0.0977402 0 0 0 0 0 0
0.298848 0.038992 0.0977402 0 0 0 0 0 0
0.298964 0.0450516 0.0977402 0 0 0 0 0 0
0.299013 0.0476575 0.0977402 0 0 0 0 0 0
0.299126 0.0535547 0.0977402 0 0 0 0 0 0
0.299179 0.0563231 0.0977402 0 0 0 0 0 0
0.299288 0.0620578 0.0977402 0 0 0 0 0 0
0.299344 0.0649886 0.0977402 0 0 0 0 0 0
0.299451 0.0705609 0.0977402 0 0 0 0 0 0
0.29951 0.0736541 0.0977402 0 0 0 0 0 0
0.299613 0.079064 0.0977402 0 0 0 0 0 0
0.299675 0.0823196 0.0977402 0 0 0 0 0 0
0.299776 0.0875671 0.0977402 0 0 0 0 0 0
0.299841 0.0909851 0.0977402 0 0 0 0 0 0
0.299938 0.0960702 0.0977402 0 0 0 0 0 0
0.300006 0.0996506 0.0977402 0 0 0 0 0 0
0.300056 0.102268 0.0977402 0 0 0 0 0 0
0.300056 0.102268 0.0977402 0 0 0 0 0 0
0.3001 0.104573 0.0977402 0 0 0 0 0 0
0.300172 0.108316 0.0977402 0 0 0 0 0 0
0.300263 0.113076 0.0977402 0 0 0 0 0 0
0.300337 0.116982 0.0977402 0 0 0 0 0 0
0.300425 0.12158 0.0977402 0 0 0 0 0 0
0.300503 0.125647 0.0977402 0 0 0 0 0 0
0.300588 0.130083 0.0977402 0 0 0 0 0 0
0.300669 0.134313 0.0977402 0 0 0 0 0 0
0.30075 0.138586 0.0977402 0 0 0 0 0 0
0.300834 0.142978 0.0977402 0 0 0 0 0 0
0.300913 0.147089 0.0977402 0 0 0 0 0 0
0.301 0.151644 0.0977402 0 0 0 0 0 0
0.301075 0.155592 0.0977402 0 0 0 0 0 0
0.301165 0.160309 0.0977402 0 0 0 0 0 0
0.301237 0.164095 0.0977402 0 0 0 0 0 0
0.301331 0.168975 0.0977402 0 0 0 0 0 0
0.301381 0.171592 0.0977402 0 0 0 0 0 0
0.301381 0.171592 0.0977402 0 0 0 0 0 0
0.301402 0.172595 0.0977402 0 0 0 0 0 0
0.301513 0.17764 0.0977402 0 0 0 0 0 0
0.301588 0.181076 0.0977402 0 0 0 0 0 0
0.301702 0.186306 0.0977402 0 0 0 0 0 0
0.301773 0.189556 0.0977402 0 0 0 0 0 0
0.301891 0.194971 0.0977402 0 0 0 0 0 0
0.301958 0.198037 0.0977402 0 0 0 0 0 0
0.30208 0.203637 0.0977402 0 0 0 0 0 0
0.302143 0.206517 0.0977402 0 0 0 0 0 0
0.302269 0.212302 0.0977402 0 0 0 0 0 0
0.302328 0.214997 0.0977402 0 0 0 0 0 0
0.302458 0.220968 0.0977402 0 0 0 0 0 0
0.302513 0.223478 0.0977402 0 0 0 0 0 0
0.302648 0.229633 0.0977402 0 0 0 0 0 0
0.302698 0.231958 0.0977402 0 0 0 0 0 0
0.302705 0.232251 0.0977402 0 0 0 0 0 0
0.302705 0.232251 0.0977402 0 0 0 0 0 0
0.30282 0.238299 0.0977402 0 0 0 0 0 0
0.302862 0.240461 0.0977402 0 0 0 0 0 0
0.302986 0.246964 0.0977402 0 0 0 0 0 0
0.303024 0.248964 0.0977402 0 0 0 0 0 0
0.303151 0.25563 0.0977402 0 0 0 0 0 0
0.303186 0.257467 0.0977402 0 0 0 0 0 0
0.303317 0.264295 0.0977402 0 0 0 0 0 0
0.303349 0.26597 0.0977402 0 0 0 0 0 0
0.303482 0.272961 0.0977402 0 0 0 0 0 0
0.303511 0.274473 0.0977402 0 0 0 0 0 0
0.303648 0.281627 0.0977402 0 0 0 0 0 0
0.303674 0.282976 0.0977402 0 0 0 0 0 0
0.303813 0.290292 0.0977402 0 0 0 0 0 0
0.303836 0.291479 0.0977402 0 0 0 0 0 0
0.303979 0.298958 0.0977402 0 0 0 0 0 0
0.303998 0.299982 0.0977402 0 0 0 0 0 0
0.304029 0.301575 0.0977402 0 0 0 0 0 0
0.304029 0.301575 0.0977402 0 0 0 0 0 0
0.303388 0.307623 0.0977402 0 0 0 0 0 0
0.303195 0.309451 0.0977402 0 0 0 0 0 0
0.302471 0.316289 0.0977402 0 0 0 0 0 0
0.302168 0.319143 0.0977402 0 0 0 0 0 0
0.301553 0.324954 0.0977402 0 0 0 0 0 0
0.301142 0.328835 0.0977402 0 0 0 0 0 0
0.300635 0.33362 0.0977402 0 0 0 0 0 0
0.300116 0.338527 0.0977402 0 0 0 0 0 0
0.299718 0.342285 0.0977402 0 0 0 0 0 0
0.299089 0.348219 0.0977402 0 0 0 0 0 0
0.2988 0.350951 0.0977402 0 0 0 0 0 0
0.298063 0.357911 0.0977402 0 0 0 0 0 0
0.297882 0.359616 0.0977402 0 0 0 0 0 0
0.297037 0.367603 0.0977402 0 0 0 0 0 0
0.296965 0.368282 0.0977402 0 0 0 0 0 0
0.296687 0.370899 0.0977402 0 0 0 0 0 0
0.296687 0.370899 0.0977402 0 0 0 0 0 0
0.296795 0.37651 0.0977402 0 0 0 0 0 0
0.296803 0.376947 0.0977402 0 0 0 0 0 0
0.296957 0.385013 0.0977402 0 0 0 0 0 0
0.296968 0.385613 0.0977402 0 0 0 0 0 0
0.297119 0.393516 0.0977402 0 0 0 0 0 0
0.297134 0.394278 0.0977402 0 0 0 0 0 0
0.297282 0.402019 0.0977402 0 0 0 0 0 0
0.2973 0.402944 0.0977402 0 0 0 0 0 0
0.297444 0.410523 0.0977402 0 0 0 0 0 0
0.297465 0.411609 0.0977402 0 0 0 0 0 0
0.297607 0.419026 0.0977402 0 0 0 0 0 0
0.297631 0.420275 0.0977402 0 0 0 0 0 0
0.297769 0.427529 0.0977402 0 0 0 0 0 0
0.297796 0.42894 0.0977402 0 0 0 0 0 0
0.297932 0.436032 0.0977402 0 0 0 0 0 0
0.297962 0.437606 0.0977402 0 0 0 0 0 0
0.298012 0.440223 0.0977402 0 0 0 0 0 0
