0.704688 -0.442939 0.0977402 0 0 0 0 0 0
0.704768 -0.438742 0.0977402 0 0 0 0 0 0
0.704789 -0.437611 0.0977402 0 0 0 0 0 0
0.70493 -0.430239 0.0977402 0 0 0 0 0 0
0.704955 -0.428946 0.0977402 0 0 0 0 0 0
0.705092 -0.421736 0.0977402 0 0 0 0 0 0
0.70512 -0.42028 0.0977402 0 0 0 0 0 0
0.705255 -0.413233 0.0977402 0 0 0 0 0 0
0.705286 -0.411615 0.0977402 0 0 0 0 0 0
0.705417 -0.40473 0.0977402 0 0 0 0 0 0
0.705451 -0.402949 0.0977402 0 0 0 0 0 0
0.70558 -0.396227 0.0977402 0 0 0 0 0 0
0.705617 -0.394284 0.0977402 0 0 0 0 0 0
0.705742 -0.387724 0.0977402 0 0 0 0 0 0
0.705782 -0.385618 0.0977402 0 0 0 0 0 0
0.705905 -0.37922 0.0977402 0 0 0 0 0 0
0.705948 -0.376953 0.0977402 0 0 0 0 0 0
0.706012 -0.373615 0.0977402 0 0 0 0 0 0
0.706012 -0.373615 0.0977402 0 0 0 0 0 0
0.706067 -0.370717 0.0977402 0 0 0 0 0 0
0.706113 -0.368287 0.0977402 0 0 0 0 0 0
0.706229 -0.362214 0.0977402 0 0 0 0 0 0
0.706279 -0.359622 0.0977402 0 0 0 0 0 0
0.706392 -0.353711 0.0977402 0 0 0 0 0 0
0.706444 -0.350956 0.0977402 0 0 0 0 0 0
0.706554 -0.345208 0.0977402 0 0 0 0 0 0
0.70661 -0.342291 0.0977402 0 0 0 0 0 0
0.706717 -0.336705 0.0977402 0 0 0 0 0 0
0.706775 -0.333625 0.0977402 0 0 0 0 0 0
0.706879 -0.328202 0.0977402 0 0 0 0 0 0
0.706941 -0.32496 0.0977402 0 0 0 0 0 0
0.707041 -0.319699 0.0977402 0 0 0 0 0 0
0.707107 -0.316294 0.0977402 0 0 0 0 0 0
0.707204 -0.311196 0.0977402 0 0 0 0 0 0
0.707272 -0.307629 0.0977402 0 0 0 0 0 0
0.707336 -0.304291 0.0977402 0 0 0 0 0 0
0.707336 -0.304291 0.0977402 0 0 0 0 0 0
0.707366 -0.302692 0.0977402 0 0 0 0 0 0
0.707438 -0.298963 0.0977402 0 0 0 0 0 0
0.707529 -0.294189 0.0977402 0 0 0 0 0 0
0.707603 -0.290298 0.0977402 0 0 0 0 0 0
0.707691 -0.285686 0.0977402 0 0 0 0 0 0
0.707769 -0.281632 0.0977402 0 0 0 0 0 0
0.707854 -0.277183 0.0977402 0 0 0 0 0 0
0.707934 -0.272967 0.0977402 0 0 0 0 0 0
0.708016 -0.26868 0.0977402 0 0 0 0 0 0
0.7081 -0.264301 0.0977402 0 0 0 0 0 0
0.708178 -0.260177 0.0977402 0 0 0 0 0 0
0.708265 -0.255636 0.0977402 0 0 0 0 0 0
0.708341 -0.251674 0.0977402 0 0 0 0 0 0
0.708431 -0.24697 0.0977402 0 0 0 0 0 0
0.708503 -0.243171 0.0977402 0 0 0 0 0 0
0.708596 -0.238305 0.0977402 0 0 0 0 0 0
0.70866 -0.234966 0.0977402 0 0 0 0 0 0
0.70866 -0.234966 0.0977402 0 0 0 0 0 0
0.708666 -0.234668 0.0977402 0 0 0 0 0 0
0.708776 -0.229639 0.0977402 0 0 0 0 0 0
0.708852 -0.226188 0.0977402 0 0 0 0 0 0
0.708965 -0.220973 0.0977402 0 0 0 0 0 0
0.709037 -0.217708 0.0977402 0 0 0 0 0 0
0.709155 -0.212308 0.0977402 0 0 0 0 0 0
0.709222 -0.209227 0.0977402 0 0 0 0 0 0
0.709344 -0.203642 0.0977402 0 0 0 0 0 0
0.709407 -0.200747 0.0977402 0 0 0 0 0 0
0.709533 -0.194977 0.0977402 0 0 0 0 0 0
0.709592 -0.192266 0.0977402 0 0 0 0 0 0
0.709722 -0.186311 0.0977402 0 0 0 0 0 0
0.709777 -0.183786 0.0977402 0 0 0 0 0 0
0.709911 -0.177646 0.0977402 0 0 0 0 0 0
0.709962 -0.175306 0.0977402 0 0 0 0 0 0
0.709984 -0.174308 0.0977402 0 0 0 0 0 0
0.709984 -0.174308 0.0977402 0 0 0 0 0 0
0.710086 -0.16898 0.0977402 0 0 0 0 0 0
0.710127 -0.166805 0.0977402 0 0 0 0 0 0
0.710251 -0.160315 0.0977402 0 0 0 0 0 0
0.71029 -0.158302 0.0977402 0 0 0 0 0 0
0.710417 -0.151649 0.0977402 0 0 0 0 0 0
0.710452 -0.149799 0.0977402 0 0 0 0 0 0
0.710582 -0.142984 0.0977402 0 0 0 0 0 0
0.710615 -0.141296 0.0977402 0 0 0 0 0 0
0.710748 -0.134318 0.0977402 0 0 0 0 0 0
0.710777 -0.132793 0.0977402 0 0 0 0 0 0
0.710913 -0.125653 0.0977402 0 0 0 0 0 0
0.710939 -0.12429 0.0977402 0 0 0 0 0 0
0.711079 -0.116987 0.0977402 0 0 0 0 0 0
0.711102 -0.115787 0.0977402 0 0 0 0 0 0
0.711244 -0.108322 0.0977402 0 0 0 0 0 0
0.711264 -0.107284 0.0977402 0 0 0 0 0 0
0.711308 -0.104984 0.0977402 0 0 0 0 0 0
0.711308 -0.104984 0.0977402 0 0 0 0 0 0
0.710744 -0.0996563 0.0977402 0 0 0 0 0 0
0.710559 -0.0979132 0.0977402 0 0 0 0 0 0
0.709826 -0.0909907 0.0977402 0 0 0 0 0 0
0.709533 -0.0882213 0.0977402 0 0 0 0 0 0
0.708909 -0.0823252 0.0977402 0 0 0 0 0 0
0.708507 -0.0785294 0.0977402 0 0 0 0 0 0
0.707991 -0.0736597 0.0977402 0 0 0 0 0 0
0.70748 -0.0688376 0.0977402 0 0 0 0 0 0
0.707073 -0.0649942 0.0977402 0 0 0 0 0 0
0.706454 -0.0591457 0.0977402 0 0 0 0 0 0
0.706156 -0.0563287 0.0977402 0 0 0 0 0 0
0.705428 -0.0494538 0.0977402 0 0 0 0 0 0
0.705238 -0.0476632 0.0977402 0 0 0 0 0 0
0.704401 -0.0397619 0.0977402 0 0 0 0 0 0
0.70432 -0.0389977 0.0977402 0 0 0 0 0 0
0.703967 -0.0356596 0.0977402 0 0 0 0 0 0
0.703967 -0.0356596 0.0977402 0 0 0 0 0 0
0.70406 -0.0307556 0.0977402 0 0 0 0 0 0
0.704069 -0.0303321 0.0977402 0 0 0 0 0 0
0.704223 -0.0222525 0.0977402 0 0 0 0 0 0
0.704234 -0.0216666 0.0977402 0 0 0 0 0 0
0.704385 -0.0137494 0.0977402 0 0 0 0 0 0
0.7044 -0.0130011 0.0977402 0 0 0 0 0 0
0.704548 -0.00524634 0.0977402 0 0 0 0 0 0
0.704565 -0.00433558 0.0977402 0 0 0 0 0 0
0.70471 0.0032568 0.0977402 0 0 0 0 0 0
0.704731 0.00432998 0.0977402 0 0 0 0 0 0
0.704873 0.0117599 0.0977402 0 0 0 0 0 0
0.704896 0.0129955 0.0977402 0 0 0 0 0 0
0.705035 0.020263 0.0977402 0 0 0 0 0 0
0.705062 0.021661 0.0977402 0 0 0 0 0 0
0.705197 0.0287661 0.0977402 0 0 0 0 0 0
0.705227 0.0303265 0.0977402 0 0 0 0 0 0
0.705291 0.0336645 0.0977402 0 0 0 0 0 0
0.705291 0.0336645 0.0977402 0 0 0 0 0 0
0.70536 0.0372692 0.0977402 0 0 0 0 0 0
0.705393 0.038992 0.0977402 0 0 0 0 0 0
0.705522 0.0457723 0.0977402 0 0 0 0 0 0
0.705558 0.0476575 0.0977402 0 0 0 0 0 0
0.705685 0.0542754 0.0977402 0 0 0 0 0 0
0.705724 0.0563231 0.0977402 0 0 0 0 0 0
0.705847 0.0627785 0.0977402 0 0 0 0 0 0
0.705889 0.0649886 0.0977402 0 0 0 0 0 0
0.706009 0.0712816 0.0977402 0 0 0 0 0 0
0.706055 0.0736541 0.0977402 0 0 0 0 0 0
0.706172 0.0797847 0.0977402 0 0 0 0 0 0
0.70622 0.0823196 0.0977402 0 0 0 0 0 0
0.706334 0.0882878 0.0977402 0 0 0 0 0 0
0.706386 0.0909851 0.0977402 0 0 0 0 0 0
0.706497 0.0967909 0.0977402 0 0 0 0 0 0
0.706551 0.0996506 0.0977402 0 0 0 0 0 0
0.706615 0.102989 0.0977402 0 0 0 0 0 0
0.706615 0.102989 0.0977402 0 0 0 0 0 0
0.706659 0.105294 0.0977402 0 0 0 0 0 0
0.706717 0.108316 0.0977402 0 0 0 0 0 0
0.706822 0.113797 0.0977402 0 0 0 0 0 0
0.706882 0.116982 0.0977402 0 0 0 0 0 0
0.706984 0.1223 0.0977402 0 0 0 0 0 0
0.707048 0.125647 0.0977402 0 0 0 0 0 0
0.707146 0.130803 0.0977402 0 0 0 0 0 0
0.707213 0.134313 0.0977402 0 0 0 0 0 0
0.707309 0.139306 0.0977402 0 0 0 0 0 0
0.707379 0.142978 0.0977402 0 0 0 0 0 0
0.707471 0.14781 0.0977402 0 0 0 0 0 0
0.707544 0.151644 0.0977402 0 0 0 0 0 0
0.707634 0.156313 0.0977402 0 0 0 0 0 0
0.70771 0.160309 0.0977402 0 0 0 0 0 0
0.707796 0.164816 0.0977402 0 0 0 0 0 0
0.707875 0.168975 0.0977402 0 0 0 0 0 0
0.707939 0.172313 0.0977402 0 0 0 0 0 0
0.707939 0.172313 0.0977402 0 0 0 0 0 0
0.707961 0.173316 0.0977402 0 0 0 0 0 0
0.708056 0.17764 0.0977402 0 0 0 0 0 0
0.708146 0.181797 0.0977402 0 0 0 0 0 0
0.708245 0.186306 0.0977402 0 0 0 0 0 0
0.708331 0.190277 0.0977402 0 0 0 0 0 0
0.708434 0.194971 0.0977402 0 0 0 0 0 0
0.708516 0.198757 0.0977402 0 0 0 0 0 0
0.708623 0.203637 0.0977402 0 0 0 0 0 0
0.708702 0.207238 0.0977402 0 0 0 0 0 0
0.708812 0.212302 0.0977402 0 0 0 0 0 0
0.708887 0.215718 0.0977402 0 0 0 0 0 0
0.709001 0.220968 0.0977402 0 0 0 0 0 0
0.709072 0.224199 0.0977402 0 0 0 0 0 0
0.70919 0.229633 0.0977402 0 0 0 0 0 0
0.709257 0.232679 0.0977402 0 0 0 0 0 0
0.709263 0.232971 0.0977402 0 0 0 0 0 0
0.709263 0.232971 0.0977402 0 0 0 0 0 0
0.709365 0.238299 0.0977402 0 0 0 0 0 0
0.70942 0.241181 0.0977402 0 0 0 0 0 0
0.709531 0.246964 0.0977402 0 0 0 0 0 0
0.709583 0.249684 0.0977402 0 0 0 0 0 0
0.709696 0.25563 0.0977402 0 0 0 0 0 0
0.709745 0.258187 0.0977402 0 0 0 0 0 0
0.709862 0.264295 0.0977402 0 0 0 0 0 0
0.709907 0.266691 0.0977402 0 0 0 0 0 0
0.710027 0.272961 0.0977402 0 0 0 0 0 0
0.71007 0.275194 0.0977402 0 0 0 0 0 0
0.710193 0.281627 0.0977402 0 0 0 0 0 0
0.710232 0.283697 0.0977402 0 0 0 0 0 0
0.710358 0.290292 0.0977402 0 0 0 0 0 0
0.710395 0.2922 0.0977402 0 0 0 0 0 0
0.710524 0.298958 0.0977402 0 0 0 0 0 0
0.710557 0.300703 0.0977402 0 0 0 0 0 0
0.710587 0.302296 0.0977402 0 0 0 0 0 0
0.710587 0.302296 0.0977402 0 0 0 0 0 0
0.710689 0.307623 0.0977402 0 0 0 0 0 0
0.710719 0.309206 0.0977402 0 0 0 0 0 0
0.710855 0.316289 0.0977402 0 0 0 0 0 0
0.710882 0.317709 0.0977402 0 0 0 0 0 0
0.71102 0.324954 0.0977402 0 0 0 0 0 0
0.711044 0.326212 0.0977402 0 0 0 0 0 0
0.711186 0.33362 0.0977402 0 0 0 0 0 0
0.711207 0.334715 0.0977402 0 0 0 0 0 0
0.711351 0.342285 0.0977402 0 0 0 0 0 0
0.711369 0.343218 0.0977402 0 0 0 0 0 0
0.711517 0.350951 0.0977402 0 0 0 0 0 0
0.711532 0.351722 0.0977402 0 0 0 0 0 0
0.711682 0.359616 0.0977402 0 0 0 0 0 0
0.711694 0.360225 0.0977402 0 0 0 0 0 0
0.711848 0.368282 0.0977402 0 0 0 0 0 0
0.711856 0.368728 0.0977402 0 0 0 0 0 0
0.711912 0.37162 0.0977402 0 0 0 0 0 0
0.711912 0.37162 0.0977402 0 0 0 0 0 0
0.711347 0.376947 0.0977402 0 0 0 0 0 0
0.711234 0.378015 0.0977402 0 0 0 0 0 0
0.71043 0.385613 0.0977402 0 0 0 0 0 0
0.710208 0.387707 0.0977402 0 0 0 0 0 0
0.709512 0.394278 0.0977402 0 0 0 0 0 0
0.709182 0.397399 0.0977402 0 0 0 0 0 0
0.708594 0.402944 0.0977402 0 0 0 0 0 0
0.708155 0.407091 0.0977402 0 0 0 0 0 0
0.707677 0.411609 0.0977402 0 0 0 0 0 0
0.707129 0.416783 0.0977402 0 0 0 0 0 0
0.706759 0.420275 0.0977402 0 0 0 0 0 0
0.706103 0.426475 0.0977402 0 0 0 0 0 0
0.705841 0.42894 0.0977402 0 0 0 0 0 0
0.705076 0.436167 0.0977402 0 0 0 0 0 0
0.704924 0.437606 0.0977402 0 0 0 0 0 0
0.70457 0.440944 0.0977402 0 0 0 0 0 0
0.70457 0.440944 0.0977402 0 0 0 0 0 0
0.703637 0.440942 0.0977402 0 0 0 0 0 0
0.700308 0.440935 0.0977402 0 0 0 0 0 0
0.694971 0.440924 0.0977402 0 0 0 0 0 0
0.691661 0.440917 0.0977402 0 0 0 0 0 0
0.686306 0.440905 0.0977402 0 0 0 0 0 0
0.683013 0.440898 0.0977402 0 0 0 0 0 0
0.67764 0.440887 0.0977402 0 0 0 0 0 0
0.674366 0.44088 0.0977402 0 0 0 0 0 0
0.668975 0.440869 0.0977402 0 0 0 0 0 0
0.665719 0.440862 0.0977402 0 0 0 0 0 0
0.660309 0.440851 0.0977402 0 0 0 0 0 0
0.657071 0.440844 0.0977402 0 0 0 0 0 0
0.651644 0.440832 0.0977402 0 0 0 0 0 0
0.648424 0.440825 0.0977402 0 0 0 0 0 0
0.642978 0.440814 0.0977402 0 0 0 0 0 0
0.639777 0.440807 0.0977402 0 0 0 0 0 0
0.635392 0.440798 0.0977402 0 0 0 0 0 0
0.635392 0.440798 0.0977402 0 0 0 0 0 0
0.63573 0.437606 0.0977402 0 0 0 0 0 0
0.635898 0.436021 0.0977402 0 0 0 0 0 0
0.636648 0.42894 0.0977402 0 0 0 0 0 0
0.636924 0.426329 0.0977402 0 0 0 0 0 0
0.637565 0.420275 0.0977402 0 0 0 0 0 0
0.637951 0.416637 0.0977402 0 0 0 0 0 0
0.638483 0.411609 0.0977402 0 0 0 0 0 0
0.638977 0.406945 0.0977402 0 0 0 0 0 0
0.639401 0.402944 0.0977402 0 0 0 0 0 0
0.640003 0.397253 0.0977402 0 0 0 0 0 0
0.640318 0.394278 0.0977402 0 0 0 0 0 0
0.64103 0.387561 0.0977402 0 0 0 0 0 0
0.641236 0.385613 0.0977402 0 0 0 0 0 0
0.642056 0.377869 0.0977402 0 0 0 0 0 0
0.642154 0.376947 0.0977402 0 0 0 0 0 0
0.642733 0.371474 0.0977402 0 0 0 0 0 0
0.642733 0.371474 0.0977402 0 0 0 0 0 0
0.642678 0.368582 0.0977402 0 0 0 0 0 0
0.642672 0.368282 0.0977402 0 0 0 0 0 0
0.642516 0.360079 0.0977402 0 0 0 0 0 0
0.642507 0.359616 0.0977402 0 0 0 0 0 0
0.642353 0.351576 0.0977402 0 0 0 0 0 0
0.642341 0.350951 0.0977402 0 0 0 0 0 0
0.642191 0.343073 0.0977402 0 0 0 0 0 0
0.642176 0.342285 0.0977402 0 0 0 0 0 0
0.642028 0.334569 0.0977402 0 0 0 0 0 0
0.64201 0.33362 0.0977402 0 0 0 0 0 0
0.641866 0.326066 0.0977402 0 0 0 0 0 0
0.641845 0.324954 0.0977402 0 0 0 0 0 0
0.641704 0.317563 0.0977402 0 0 0 0 0 0
0.641679 0.316289 0.0977402 0 0 0 0 0 0
0.641541 0.30906 0.0977402 0 0 0 0 0 0
0.641514 0.307623 0.0977402 0 0 0 0 0 0
0.641409 0.30215 0.0977402 0 0 0 0 0 0
0.641409 0.30215 0.0977402 0 0 0 0 0 0
0.641379 0.300557 0.0977402 0 0 0 0 0 0
0.641348 0.298958 0.0977402 0 0 0 0 0 0
0.641216 0.292054 0.0977402 0 0 0 0 0 0
0.641183 0.290292 0.0977402 0 0 0 0 0 0
0.641054 0.283551 0.0977402 0 0 0 0 0 0
0.641017 0.281627 0.0977402 0 0 0 0 0 0
0.640892 0.275048 0.0977402 0 0 0 0 0 0
0.640852 0.272961 0.0977402 0 0 0 0 0 0
0.640729 0.266545 0.0977402 0 0 0 0 0 0
0.640686 0.264295 0.0977402 0 0 0 0 0 0
0.640567 0.258042 0.0977402 0 0 0 0 0 0
0.640521 0.25563 0.0977402 0 0 0 0 0 0
0.640404 0.249539 0.0977402 0 0 0 0 0 0
0.640355 0.246964 0.0977402 0 0 0 0 0 0
0.640242 0.241035 0.0977402 0 0 0 0 0 0
0.64019 0.238299 0.0977402 0 0 0 0 0 0
0.640085 0.232826 0.0977402 0 0 0 0 0 0
0.640085 0.232826 0.0977402 0 0 0 0 0 0
0.640079 0.232533 0.0977402 0 0 0 0 0 0
0.640015 0.229633 0.0977402 0 0 0 0 0 0
0.639894 0.224053 0.0977402 0 0 0 0 0 0
0.639826 0.220968 0.0977402 0 0 0 0 0 0
0.639708 0.215572 0.0977402 0 0 0 0 0 0
0.639637 0.212302 0.0977402 0 0 0 0 0 0
0.639523 0.207092 0.0977402 0 0 0 0 0 0
0.639448 0.203637 0.0977402 0 0 0 0 0 0
0.639338 0.198611 0.0977402 0 0 0 0 0 0
0.639259 0.194971 0.0977402 0 0 0 0 0 0
0.639153 0.190131 0.0977402 0 0 0 0 0 0
0.63907 0.186306 0.0977402 0 0 0 0 0 0
0.638968 0.181651 0.0977402 0 0 0 0 0 0
0.63888 0.17764 0.0977402 0 0 0 0 0 0
0.638783 0.17317 0.0977402 0 0 0 0 0 0
0.638761 0.172167 0.0977402 0 0 0 0 0 0
0.638761 0.172167 0.0977402 0 0 0 0 0 0
0.6387 0.168975 0.0977402 0 0 0 0 0 0
0.638618 0.16467 0.0977402 0 0 0 0 0 0
0.638534 0.160309 0.0977402 0 0 0 0 0 0
0.638455 0.156167 0.0977402 0 0 0 0 0 0
0.638369 0.151644 0.0977402 0 0 0 0 0 0
0.638293 0.147664 0.0977402 0 0 0 0 0 0
0.638203 0.142978 0.0977402 0 0 0 0 0 0
0.63813 0.139161 0.0977402 0 0 0 0 0 0
0.638038 0.134313 0.0977402 0 0 0 0 0 0
0.637968 0.130657 0.0977402 0 0 0 0 0 0
0.637872 0.125647 0.0977402 0 0 0 0 0 0
0.637806 0.122154 0.0977402 0 0 0 0 0 0
0.637707 0.116982 0.0977402 0 0 0 0 0 0
0.637643 0.113651 0.0977402 0 0 0 0 0 0
0.637541 0.108316 0.0977402 0 0 0 0 0 0
0.637481 0.105148 0.0977402 0 0 0 0 0 0
0.637437 0.102843 0.0977402 0 0 0 0 0 0
0.637437 0.102843 0.0977402 0 0 0 0 0 0
0.637376 0.0996506 0.0977402 0 0 0 0 0 0
0.637318 0.096645 0.0977402 0 0 0 0 0 0
0.63721 0.0909851 0.0977402 0 0 0 0 0 0
0.637156 0.0881419 0.0977402 0 0 0 0 0 0
0.637045 0.0823196 0.0977402 0 0 0 0 0 0
0.636994 0.0796389 0.0977402 0 0 0 0 0 0
0.636879 0.0736541 0.0977402 0 0 0 0 0 0
0.636831 0.0711357 0.0977402 0 0 0 0 0 0
0.636714 0.0649886 0.0977402 0 0 0 0 0 0
0.636669 0.0626326 0.0977402 0 0 0 0 0 0
0.636548 0.0563231 0.0977402 0 0 0 0 0 0
0.636506 0.0541295 0.0977402 0 0 0 0 0 0
0.636383 0.0476575 0.0977402 0 0 0 0 0 0
0.636344 0.0456264 0.0977402 0 0 0 0 0 0
0.636217 0.038992 0.0977402 0 0 0 0 0 0
0.636182 0.0371233 0.0977402 0 0 0 0 0 0
0.636113 0.0335187 0.0977402 0 0 0 0 0 0
0.636113 0.0335187 0.0977402 0 0 0 0 0 0
0.636052 0.0303265 0.0977402 0 0 0 0 0 0
0.636019 0.0286202 0.0977402 0 0 0 0 0 0
0.635886 0.021661 0.0977402 0 0 0 0 0 0
0.635857 0.0201171 0.0977402 0 0 0 0 0 0
0.635721 0.0129955 0.0977402 0 0 0 0 0 0
0.635694 0.011614 0.0977402 0 0 0 0 0 0
0.635555 0.00432998 0.0977402 0 0 0 0 0 0
0.635532 0.00311093 0.0977402 0 0 0 0 0 0
0.63539 -0.00433558 0.0977402 0 0 0 0 0 0
0.635369 -0.00539221 0.0977402 0 0 0 0 0 0
0.635224 -0.0130011 0.0977402 0 0 0 0 0 0
0.635207 -0.0138953 0.0977402 0 0 0 0 0 0
0.635059 -0.0216666 0.0977402 0 0 0 0 0 0
0.635045 -0.0223984 0.0977402 0 0 0 0 0 0
0.634893 -0.0303321 0.0977402 0 0 0 0 0 0
0.634882 -0.0309015 0.0977402 0 0 0 0 0 0
0.634789 -0.0358055 0.0977402 0 0 0 0 0 0
0.634789 -0.0358055 0.0977402 0 0 0 0 0 0
0.635127 -0.0389977 0.0977402 0 0 0 0 0 0
0.635223 -0.0399078 0.0977402 0 0 0 0 0 0
0.636044 -0.0476632 0.0977402 0 0 0 0 0 0
0.636249 -0.0495997 0.0977402 0 0 0 0 0 0
0.636962 -0.0563287 0.0977402 0 0 0 0 0 0
0.637276 -0.0592915 0.0977402 0 0 0 0 0 0
0.63788 -0.0649942 0.0977402 0 0 0 0 0 0
0.638302 -0.0689834 0.0977402 0 0 0 0 0 0
0.638797 -0.0736597 0.0977402 0 0 0 0 0 0
0.639328 -0.0786753 0.0977402 0 0 0 0 0 0
0.639715 -0.0823252 0.0977402 0 0 0 0 0 0
0.640355 -0.0883672 0.0977402 0 0 0 0 0 0
0.640633 -0.0909907 0.0977402 0 0 0 0 0 0
0.641381 -0.0980591 0.0977402 0 0 0 0 0 0
0.64155 -0.0996563 0.0977402 0 0 0 0 0 0
0.64213 -0.10513 0.0977402 0 0 0 0 0 0
0.64213 -0.10513 0.0977402 0 0 0 0 0 0
0.642086 -0.107429 0.0977402 0 0 0 0 0 0
0.642069 -0.108322 0.0977402 0 0 0 0 0 0
0.641924 -0.115933 0.0977402 0 0 0 0 0 0
0.641903 -0.116987 0.0977402 0 0 0 0 0 0
0.641761 -0.124436 0.0977402 0 0 0 0 0 0
0.641738 -0.125653 0.0977402 0 0 0 0 0 0
0.641599 -0.132939 0.0977402 0 0 0 0 0 0
0.641572 -0.134318 0.0977402 0 0 0 0 0 0
0.641436 -0.141442 0.0977402 0 0 0 0 0 0
0.641407 -0.142984 0.0977402 0 0 0 0 0 0
0.641274 -0.149945 0.0977402 0 0 0 0 0 0
0.641241 -0.151649 0.0977402 0 0 0 0 0 0
0.641112 -0.158448 0.0977402 0 0 0 0 0 0
0.641076 -0.160315 0.0977402 0 0 0 0 0 0
0.640949 -0.166951 0.0977402 0 0 0 0 0 0
0.64091 -0.16898 0.0977402 0 0 0 0 0 0
0.640806 -0.174454 0.0977402 0 0 0 0 0 0
0.640806 -0.174454 0.0977402 0 0 0 0 0 0
0.640784 -0.175452 0.0977402 0 0 0 0 0 0
0.640736 -0.177646 0.0977402 0 0 0 0 0 0
0.640599 -0.183932 0.0977402 0 0 0 0 0 0
0.640547 -0.186311 0.0977402 0 0 0 0 0 0
0.640414 -0.192412 0.0977402 0 0 0 0 0 0
0.640358 -0.194977 0.0977402 0 0 0 0 0 0
0.640229 -0.200893 0.0977402 0 0 0 0 0 0
0.640169 -0.203642 0.0977402 0 0 0 0 0 0
0.640044 -0.209373 0.0977402 0 0 0 0 0 0
0.639979 -0.212308 0.0977402 0 0 0 0 0 0
0.639858 -0.217854 0.0977402 0 0 0 0 0 0
0.63979 -0.220973 0.0977402 0 0 0 0 0 0
0.639673 -0.226334 0.0977402 0 0 0 0 0 0
0.639601 -0.229639 0.0977402 0 0 0 0 0 0
0.639488 -0.234814 0.0977402 0 0 0 0 0 0
0.639482 -0.235112 0.0977402 0 0 0 0 0 0
0.639482 -0.235112 0.0977402 0 0 0 0 0 0
0.639421 -0.238305 0.0977402 0 0 0 0 0 0
0.639325 -0.243317 0.0977402 0 0 0 0 0 0
0.639255 -0.24697 0.0977402 0 0 0 0 0 0
0.639163 -0.25182 0.0977402 0 0 0 0 0 0
0.63909 -0.255636 0.0977402 0 0 0 0 0 0
0.639 -0.260323 0.0977402 0 0 0 0 0 0
0.638924 -0.264301 0.0977402 0 0 0 0 0 0
0.638838 -0.268826 0.0977402 0 0 0 0 0 0
0.638759 -0.272967 0.0977402 0 0 0 0 0 0
0.638675 -0.277329 0.0977402 0 0 0 0 0 0
0.638593 -0.281632 0.0977402 0 0 0 0 0 0
0.638513 -0.285832 0.0977402 0 0 0 0 0 0
0.638428 -0.290298 0.0977402 0 0 0 0 0 0
0.63835 -0.294335 0.0977402 0 0 0 0 0 0
0.638262 -0.298963 0.0977402 0 0 0 0 0 0
0.638188 -0.302838 0.0977402 0 0 0 0 0 0
0.638158 -0.304436 0.0977402 0 0 0 0 0 0
0.638158 -0.304436 0.0977402 0 0 0 0 0 0
0.638097 -0.307629 0.0977402 0 0 0 0 0 0
0.638026 -0.311341 0.0977402 0 0 0 0 0 0
0.637931 -0.316294 0.0977402 0 0 0 0 0 0
0.637863 -0.319845 0.0977402 0 0 0 0 0 0
0.637766 -0.32496 0.0977402 0 0 0 0 0 0
0.637701 -0.328348 0.0977402 0 0 0 0 0 0
0.6376 -0.333625 0.0977402 0 0 0 0 0 0
0.637538 -0.336851 0.0977402 0 0 0 0 0 0
0.637434 -0.342291 0.0977402 0 0 0 0 0 0
0.637376 -0.345354 0.0977402 0 0 0 0 0 0
0.637269 -0.350956 0.0977402 0 0 0 0 0 0
0.637214 -0.353857 0.0977402 0 0 0 0 0 0
0.637103 -0.359622 0.0977402 0 0 0 0 0 0
0.637051 -0.36236 0.0977402 0 0 0 0 0 0
0.636938 -0.368287 0.0977402 0 0 0 0 0 0
0.636889 -0.370863 0.0977402 0 0 0 0 0 0
0.636833 -0.373761 0.0977402 0 0 0 0 0 0
0.636833 -0.373761 0.0977402 0 0 0 0 0 0
0.636772 -0.376953 0.0977402 0 0 0 0 0 0
0.636726 -0.379366 0.0977402 0 0 0 0 0 0
0.636607 -0.385618 0.0977402 0 0 0 0 0 0
0.636564 -0.387869 0.0977402 0 0 0 0 0 0
0.636441 -0.394284 0.0977402 0 0 0 0 0 0
0.636401 -0.396372 0.0977402 0 0 0 0 0 0
0.636276 -0.402949 0.0977402 0 0 0 0 0 0
0.636239 -0.404876 0.0977402 0 0 0 0 0 0
0.63611 -0.411615 0.0977402 0 0 0 0 0 0
0.636077 -0.413379 0.0977402 0 0 0 0 0 0
0.635945 -0.42028 0.0977402 0 0 0 0 0 0
0.635914 -0.421882 0.0977402 0 0 0 0 0 0
0.635779 -0.428946 0.0977402 0 0 0 0 0 0
0.635752 -0.430385 0.0977402 0 0 0 0 0 0
0.635614 -0.437611 0.0977402 0 0 0 0 0 0
0.635589 -0.438888 0.0977402 0 0 0 0 0 0
0.635509 -0.443085 0.0977402 0 0 0 0 0 0
0.635509 -0.443085 0.0977402 0 0 0 0 0 0
0.634313 -0.443075 0.0977402 0 0 0 0 0 0
0.631084 -0.443048 0.0977402 0 0 0 0 0 0
0.625647 -0.443004 0.0977402 0 0 0 0 0 0
0.622347 -0.442977 0.0977402 0 0 0 0 0 0
0.616982 -0.442933 0.0977402 0 0 0 0 0 0
0.61361 -0.442905 0.0977402 0 0 0 0 0 0
0.608316 -0.442862 0.0977402 0 0 0 0 0 0
0.604873 -0.442834 0.0977402 0 0 0 0 0 0
0.599651 -0.442791 0.0977402 0 0 0 0 0 0
0.596136 -0.442762 0.0977402 0 0 0 0 0 0
0.590985 -0.44272 0.0977402 0 0 0 0 0 0
0.587399 -0.44269 0.0977402 0 0 0 0 0 0
0.58232 -0.442649 0.0977402 0 0 0 0 0 0
0.578661 -0.442619 0.0977402 0 0 0 0 0 0
0.573654 -0.442578 0.0977402 0 0 0 0 0 0
0.569924 -0.442547 0.0977402 0 0 0 0 0 0
0.565612 -0.442512 0.0977402 0 0 0 0 0 0
0.565612 -0.442512 0.0977402 0 0 0 0 0 0
0.565692 -0.438315 0.0977402 0 0 0 0 0 0
0.565706 -0.437611 0.0977402 0 0 0 0 0 0
0.565855 -0.429812 0.0977402 0 0 0 0 0 0
0.565871 -0.428946 0.0977402 0 0 0 0 0 0
0.566017 -0.421309 0.0977402 0 0 0 0 0 0
0.566037 -0.42028 0.0977402 0 0 0 0 0 0
0.566179 -0.412806 0.0977402 0 0 0 0 0 0
0.566202 -0.411615 0.0977402 0 0 0 0 0 0
0.566342 -0.404302 0.0977402 0 0 0 0 0 0
0.566368 -0.402949 0.0977402 0 0 0 0 0 0
0.566504 -0.395799 0.0977402 0 0 0 0 0 0
0.566533 -0.394284 0.0977402 0 0 0 0 0 0
0.566667 -0.387296 0.0977402 0 0 0 0 0 0
0.566699 -0.385618 0.0977402 0 0 0 0 0 0
0.566829 -0.378793 0.0977402 0 0 0 0 0 0
0.566864 -0.376953 0.0977402 0 0 0 0 0 0
0.566936 -0.373187 0.0977402 0 0 0 0 0 0
0.566936 -0.373187 0.0977402 0 0 0 0 0 0
0.566991 -0.37029 0.0977402 0 0 0 0 0 0
0.56703 -0.368287 0.0977402 0 0 0 0 0 0
0.567154 -0.361787 0.0977402 0 0 0 0 0 0
0.567195 -0.359622 0.0977402 0 0 0 0 0 0
0.567316 -0.353284 0.0977402 0 0 0 0 0 0
0.567361 -0.350956 0.0977402 0 0 0 0 0 0
0.567479 -0.344781 0.0977402 0 0 0 0 0 0
0.567526 -0.342291 0.0977402 0 0 0 0 0 0
0.567641 -0.336278 0.0977402 0 0 0 0 0 0
0.567692 -0.333625 0.0977402 0 0 0 0 0 0
0.567804 -0.327775 0.0977402 0 0 0 0 0 0
0.567857 -0.32496 0.0977402 0 0 0 0 0 0
0.567966 -0.319271 0.0977402 0 0 0 0 0 0
0.568023 -0.316294 0.0977402 0 0 0 0 0 0
0.568128 -0.310768 0.0977402 0 0 0 0 0 0
0.568188 -0.307629 0.0977402 0 0 0 0 0 0
0.56826 -0.303863 0.0977402 0 0 0 0 0 0
0.56826 -0.303863 0.0977402 0 0 0 0 0 0
0.568291 -0.302265 0.0977402 0 0 0 0 0 0
0.568354 -0.298963 0.0977402 0 0 0 0 0 0
0.568453 -0.293762 0.0977402 0 0 0 0 0 0
0.568519 -0.290298 0.0977402 0 0 0 0 0 0
0.568616 -0.285259 0.0977402 0 0 0 0 0 0
0.568685 -0.281632 0.0977402 0 0 0 0 0 0
0.568778 -0.276756 0.0977402 0 0 0 0 0 0
0.56885 -0.272967 0.0977402 0 0 0 0 0 0
0.56894 -0.268253 0.0977402 0 0 0 0 0 0
0.569016 -0.264301 0.0977402 0 0 0 0 0 0
0.569103 -0.25975 0.0977402 0 0 0 0 0 0
0.569181 -0.255636 0.0977402 0 0 0 0 0 0
0.569265 -0.251247 0.0977402 0 0 0 0 0 0
0.569347 -0.24697 0.0977402 0 0 0 0 0 0
0.569428 -0.242743 0.0977402 0 0 0 0 0 0
0.569512 -0.238305 0.0977402 0 0 0 0 0 0
0.569584 -0.234539 0.0977402 0 0 0 0 0 0
0.569584 -0.234539 0.0977402 0 0 0 0 0 0
0.569591 -0.234241 0.0977402 0 0 0 0 0 0
0.569691 -0.229639 0.0977402 0 0 0 0 0 0
0.569776 -0.225761 0.0977402 0 0 0 0 0 0
0.569881 -0.220973 0.0977402 0 0 0 0 0 0
0.569961 -0.21728 0.0977402 0 0 0 0 0 0
0.57007 -0.212308 0.0977402 0 0 0 0 0 0
0.570146 -0.2088 0.0977402 0 0 0 0 0 0
0.570259 -0.203642 0.0977402 0 0 0 0 0 0
0.570331 -0.20032 0.0977402 0 0 0 0 0 0
0.570448 -0.194977 0.0977402 0 0 0 0 0 0
0.570516 -0.191839 0.0977402 0 0 0 0 0 0
0.570637 -0.186311 0.0977402 0 0 0 0 0 0
0.570702 -0.183359 0.0977402 0 0 0 0 0 0
0.570826 -0.177646 0.0977402 0 0 0 0 0 0
0.570887 -0.174878 0.0977402 0 0 0 0 0 0
0.570909 -0.173881 0.0977402 0 0 0 0 0 0
0.570909 -0.173881 0.0977402 0 0 0 0 0 0
0.571002 -0.16898 0.0977402 0 0 0 0 0 0
0.571052 -0.166378 0.0977402 0 0 0 0 0 0
0.571168 -0.160315 0.0977402 0 0 0 0 0 0
0.571214 -0.157875 0.0977402 0 0 0 0 0 0
0.571333 -0.151649 0.0977402 0 0 0 0 0 0
0.571377 -0.149372 0.0977402 0 0 0 0 0 0
0.571499 -0.142984 0.0977402 0 0 0 0 0 0
0.571539 -0.140869 0.0977402 0 0 0 0 0 0
0.571664 -0.134318 0.0977402 0 0 0 0 0 0
0.571701 -0.132366 0.0977402 0 0 0 0 0 0
0.57183 -0.125653 0.0977402 0 0 0 0 0 0
0.571864 -0.123862 0.0977402 0 0 0 0 0 0
0.571995 -0.116987 0.0977402 0 0 0 0 0 0
0.572026 -0.115359 0.0977402 0 0 0 0 0 0
0.572161 -0.108322 0.0977402 0 0 0 0 0 0
0.572189 -0.106856 0.0977402 0 0 0 0 0 0
0.572233 -0.104556 0.0977402 0 0 0 0 0 0
0.572233 -0.104556 0.0977402 0 0 0 0 0 0
0.572326 -0.0996563 0.0977402 0 0 0 0 0 0
0.572351 -0.0983532 0.0977402 0 0 0 0 0 0
0.572492 -0.0909907 0.0977402 0 0 0 0 0 0
0.572514 -0.0898501 0.0977402 0 0 0 0 0 0
0.572657 -0.0823252 0.0977402 0 0 0 0 0 0
0.572676 -0.081347 0.0977402 0 0 0 0 0 0
0.572823 -0.0736597 0.0977402 0 0 0 0 0 0
0.572838 -0.0728439 0.0977402 0 0 0 0 0 0
0.572988 -0.0649942 0.0977402 0 0 0 0 0 0
0.573001 -0.0643408 0.0977402 0 0 0 0 0 0
0.573154 -0.0563287 0.0977402 0 0 0 0 0 0
0.573163 -0.0558377 0.0977402 0 0 0 0 0 0
0.573319 -0.0476632 0.0977402 0 0 0 0 0 0
0.573326 -0.0473346 0.0977402 0 0 0 0 0 0
0.573485 -0.0389977 0.0977402 0 0 0 0 0 0
0.573488 -0.0388315 0.0977402 0 0 0 0 0 0
0.573557 -0.0352323 0.0977402 0 0 0 0 0 0
0.573557 -0.0352323 0.0977402 0 0 0 0 0 0
0.573038 -0.0303321 0.0977402 0 0 0 0 0 0
0.572965 -0.0296427 0.0977402 0 0 0 0 0 0
0.57212 -0.0216666 0.0977402 0 0 0 0 0 0
0.571939 -0.0199509 0.0977402 0 0 0 0 0 0
0.571203 -0.0130011 0.0977402 0 0 0 0 0 0
0.570912 -0.010259 0.0977402 0 0 0 0 0 0
0.570285 -0.00433558 0.0977402 0 0 0 0 0 0
0.569886 -0.000567122 0.0977402 0 0 0 0 0 0
0.569367 0.00432998 0.0977402 0 0 0 0 0 0
0.568859 0.00912478 0.0977402 0 0 0 0 0 0
0.568449 0.0129955 0.0977402 0 0 0 0 0 0
0.567833 0.0188166 0.0977402 0 0 0 0 0 0
0.567532 0.021661 0.0977402 0 0 0 0 0 0
0.566807 0.0285085 0.0977402 0 0 0 0 0 0
0.566614 0.0303265 0.0977402 0 0 0 0 0 0
0.566215 0.0340918 0.0977402 0 0 0 0 0 0
0.566215 0.0340918 0.0977402 0 0 0 0 0 0
0.566284 0.0376965 0.0977402 0 0 0 0 0 0
0.566309 0.038992 0.0977402 0 0 0 0 0 0
0.566447 0.0461996 0.0977402 0 0 0 0 0 0
0.566475 0.0476575 0.0977402 0 0 0 0 0 0
0.566609 0.0547027 0.0977402 0 0 0 0 0 0
0.56664 0.0563231 0.0977402 0 0 0 0 0 0
0.566771 0.0632058 0.0977402 0 0 0 0 0 0
0.566806 0.0649886 0.0977402 0 0 0 0 0 0
0.566934 0.0717089 0.0977402 0 0 0 0 0 0
0.566971 0.0736541 0.0977402 0 0 0 0 0 0
0.567096 0.080212 0.0977402 0 0 0 0 0 0
0.567137 0.0823196 0.0977402 0 0 0 0 0 0
0.567259 0.0887151 0.0977402 0 0 0 0 0 0
0.567302 0.0909851 0.0977402 0 0 0 0 0 0
0.567421 0.0972182 0.0977402 0 0 0 0 0 0
0.567468 0.0996506 0.0977402 0 0 0 0 0 0
0.56754 0.103416 0.0977402 0 0 0 0 0 0
0.56754 0.103416 0.0977402 0 0 0 0 0 0
0.567584 0.105721 0.0977402 0 0 0 0 0 0
0.567633 0.108316 0.0977402 0 0 0 0 0 0
0.567746 0.114224 0.0977402 0 0 0 0 0 0
0.567799 0.116982 0.0977402 0 0 0 0 0 0
0.567908 0.122727 0.0977402 0 0 0 0 0 0
0.567964 0.125647 0.0977402 0 0 0 0 0 0
0.568071 0.131231 0.0977402 0 0 0 0 0 0
0.56813 0.134313 0.0977402 0 0 0 0 0 0
0.568233 0.139734 0.0977402 0 0 0 0 0 0
0.568295 0.142978 0.0977402 0 0 0 0 0 0
0.568396 0.148237 0.0977402 0 0 0 0 0 0
0.568461 0.151644 0.0977402 0 0 0 0 0 0
0.568558 0.15674 0.0977402 0 0 0 0 0 0
0.568626 0.160309 0.0977402 0 0 0 0 0 0
0.56872 0.165243 0.0977402 0 0 0 0 0 0
0.568792 0.168975 0.0977402 0 0 0 0 0 0
0.568864 0.17274 0.0977402 0 0 0 0 0 0
0.568864 0.17274 0.0977402 0 0 0 0 0 0
0.568886 0.173743 0.0977402 0 0 0 0 0 0
0.568971 0.17764 0.0977402 0 0 0 0 0 0
0.569071 0.182224 0.0977402 0 0 0 0 0 0
0.56916 0.186306 0.0977402 0 0 0 0 0 0
0.569256 0.190704 0.0977402 0 0 0 0 0 0
0.569349 0.194971 0.0977402 0 0 0 0 0 0
0.569441 0.199185 0.0977402 0 0 0 0 0 0
0.569538 0.203637 0.0977402 0 0 0 0 0 0
0.569626 0.207665 0.0977402 0 0 0 0 0 0
0.569727 0.212302 0.0977402 0 0 0 0 0 0
0.569811 0.216145 0.0977402 0 0 0 0 0 0
0.569916 0.220968 0.0977402 0 0 0 0 0 0
0.569996 0.224626 0.0977402 0 0 0 0 0 0
0.570106 0.229633 0.0977402 0 0 0 0 0 0
0.570181 0.233106 0.0977402 0 0 0 0 0 0
0.570188 0.233399 0.0977402 0 0 0 0 0 0
0.570188 0.233399 0.0977402 0 0 0 0 0 0
0.570281 0.238299 0.0977402 0 0 0 0 0 0
0.570345 0.241609 0.0977402 0 0 0 0 0 0
0.570447 0.246964 0.0977402 0 0 0 0 0 0
0.570507 0.250112 0.0977402 0 0 0 0 0 0
0.570612 0.25563 0.0977402 0 0 0 0 0 0
0.570669 0.258615 0.0977402 0 0 0 0 0 0
0.570778 0.264295 0.0977402 0 0 0 0 0 0
0.570832 0.267118 0.0977402 0 0 0 0 0 0
0.570943 0.272961 0.0977402 0 0 0 0 0 0
0.570994 0.275621 0.0977402 0 0 0 0 0 0
0.571109 0.281627 0.0977402 0 0 0 0 0 0
0.571157 0.284124 0.0977402 0 0 0 0 0 0
0.571275 0.290292 0.0977402 0 0 0 0 0 0
0.571319 0.292627 0.0977402 0 0 0 0 0 0
0.57144 0.298958 0.0977402 0 0 0 0 0 0
0.571482 0.30113 0.0977402 0 0 0 0 0 0
0.571512 0.302723 0.0977402 0 0 0 0 0 0
0.571512 0.302723 0.0977402 0 0 0 0 0 0
0.571606 0.307623 0.0977402 0 0 0 0 0 0
0.571644 0.309633 0.0977402 0 0 0 0 0 0
0.571771 0.316289 0.0977402 0 0 0 0 0 0
0.571806 0.318136 0.0977402 0 0 0 0 0 0
0.571937 0.324954 0.0977402 0 0 0 0 0 0
0.571969 0.32664 0.0977402 0 0 0 0 0 0
0.572102 0.33362 0.0977402 0 0 0 0 0 0
0.572131 0.335143 0.0977402 0 0 0 0 0 0
0.572268 0.342285 0.0977402 0 0 0 0 0 0
0.572294 0.343646 0.0977402 0 0 0 0 0 0
0.572433 0.350951 0.0977402 0 0 0 0 0 0
0.572456 0.352149 0.0977402 0 0 0 0 0 0
0.572599 0.359616 0.0977402 0 0 0 0 0 0
0.572618 0.360652 0.0977402 0 0 0 0 0 0
0.572764 0.368282 0.0977402 0 0 0 0 0 0
0.572781 0.369155 0.0977402 0 0 0 0 0 0
0.572836 0.372047 0.0977402 0 0 0 0 0 0
0.572836 0.372047 0.0977402 0 0 0 0 0 0
0.572317 0.376947 0.0977402 0 0 0 0 0 0
0.572159 0.378443 0.0977402 0 0 0 0 0 0
0.571399 0.385613 0.0977402 0 0 0 0 0 0
0.571132 0.388135 0.0977402 0 0 0 0 0 0
0.570482 0.394278 0.0977402 0 0 0 0 0 0
0.570106 0.397826 0.0977402 0 0 0 0 0 0
0.569564 0.402944 0.0977402 0 0 0 0 0 0
0.56908 0.407518 0.0977402 0 0 0 0 0 0
0.568646 0.411609 0.0977402 0 0 0 0 0 0
0.568053 0.41721 0.0977402 0 0 0 0 0 0
0.567729 0.420275 0.0977402 0 0 0 0 0 0
0.567027 0.426902 0.0977402 0 0 0 0 0 0
0.566811 0.42894 0.0977402 0 0 0 0 0 0
0.566001 0.436594 0.0977402 0 0 0 0 0 0
0.565893 0.437606 0.0977402 0 0 0 0 0 0
0.565495 0.441371 0.0977402 0 0 0 0 0 0
0.565495 0.441371 0.0977402 0 0 0 0 0 0
0.564989 0.441376 0.0977402 0 0 0 0 0 0
0.561183 0.441411 0.0977402 0 0 0 0 0 0
0.556323 0.441457 0.0977402 0 0 0 0 0 0
0.552436 0.441493 0.0977402 0 0 0 0 0 0
0.547658 0.441537 0.0977402 0 0 0 0 0 0
0.543689 0.441574 0.0977402 0 0 0 0 0 0
0.538992 0.441618 0.0977402 0 0 0 0 0 0
0.534942 0.441656 0.0977402 0 0 0 0 0 0
0.530327 0.441699 0.0977402 0 0 0 0 0 0
0.526195 0.441737 0.0977402 0 0 0 0 0 0
0.521661 0.441779 0.0977402 0 0 0 0 0 0
0.517448 0.441819 0.0977402 0 0 0 0 0 0
0.512996 0.44186 0.0977402 0 0 0 0 0 0
0.508701 0.4419 0.0977402 0 0 0 0 0 0
0.50433 0.441941 0.0977402 0 0 0 0 0 0
0.504266 0.441941 0.0977402 0 0 0 0 0 0
0.504266 0.441941 0.0977402 0 0 0 0 0 0
0.504186 0.43775 0.0977402 0 0 0 0 0 0
0.504183 0.437606 0.0977402 0 0 0 0 0 0
0.504024 0.429247 0.0977402 0 0 0 0 0 0
0.504018 0.42894 0.0977402 0 0 0 0 0 0
0.503861 0.420744 0.0977402 0 0 0 0 0 0
0.503852 0.420275 0.0977402 0 0 0 0 0 0
0.503699 0.412241 0.0977402 0 0 0 0 0 0
0.503687 0.411609 0.0977402 0 0 0 0 0 0
0.503536 0.403738 0.0977402 0 0 0 0 0 0
0.503521 0.402944 0.0977402 0 0 0 0 0 0
0.503374 0.395234 0.0977402 0 0 0 0 0 0
0.503356 0.394278 0.0977402 0 0 0 0 0 0
0.503211 0.386731 0.0977402 0 0 0 0 0 0
0.50319 0.385613 0.0977402 0 0 0 0 0 0
0.503049 0.378228 0.0977402 0 0 0 0 0 0
0.503025 0.376947 0.0977402 0 0 0 0 0 0
0.502942 0.372617 0.0977402 0 0 0 0 0 0
0.502942 0.372617 0.0977402 0 0 0 0 0 0
0.502887 0.369725 0.0977402 0 0 0 0 0 0
0.502859 0.368282 0.0977402 0 0 0 0 0 0
0.502724 0.361222 0.0977402 0 0 0 0 0 0
0.502693 0.359616 0.0977402 0 0 0 0 0 0
0.502562 0.352719 0.0977402 0 0 0 0 0 0
0.502528 0.350951 0.0977402 0 0 0 0 0 0
0.502399 0.344216 0.0977402 0 0 0 0 0 0
0.502362 0.342285 0.0977402 0 0 0 0 0 0
0.502237 0.335713 0.0977402 0 0 0 0 0 0
0.502197 0.33362 0.0977402 0 0 0 0 0 0
0.502075 0.32721 0.0977402 0 0 0 0 0 0
0.502031 0.324954 0.0977402 0 0 0 0 0 0
0.501912 0.318707 0.0977402 0 0 0 0 0 0
0.501866 0.316289 0.0977402 0 0 0 0 0 0
0.50175 0.310203 0.0977402 0 0 0 0 0 0
0.5017 0.307623 0.0977402 0 0 0 0 0 0
0.501618 0.303293 0.0977402 0 0 0 0 0 0
0.501618 0.303293 0.0977402 0 0 0 0 0 0
0.501587 0.3017 0.0977402 0 0 0 0 0 0
0.501535 0.298958 0.0977402 0 0 0 0 0 0
0.501425 0.293197 0.0977402 0 0 0 0 0 0
0.501369 0.290292 0.0977402 0 0 0 0 0 0
0.501262 0.284694 0.0977402 0 0 0 0 0 0
0.501204 0.281627 0.0977402 0 0 0 0 0 0
0.5011 0.276191 0.0977402 0 0 0 0 0 0
0.501038 0.272961 0.0977402 0 0 0 0 0 0
0.500938 0.267688 0.0977402 0 0 0 0 0 0
0.500873 0.264295 0.0977402 0 0 0 0 0 0
0.500775 0.259185 0.0977402 0 0 0 0 0 0
0.500707 0.25563 0.0977402 0 0 0 0 0 0
0.500613 0.250682 0.0977402 0 0 0 0 0 0
0.500542 0.246964 0.0977402 0 0 0 0 0 0
0.50045 0.242179 0.0977402 0 0 0 0 0 0
0.500376 0.238299 0.0977402 0 0 0 0 0 0
0.500294 0.233969 0.0977402 0 0 0 0 0 0
0.500294 0.233969 0.0977402 0 0 0 0 0 0
0.500287 0.233676 0.0977402 0 0 0 0 0 0
0.500199 0.229633 0.0977402 0 0 0 0 0 0
0.500102 0.225196 0.0977402 0 0 0 0 0 0
0.50001 0.220968 0.0977402 0 0 0 0 0 0
0.499917 0.216716 0.0977402 0 0 0 0 0 0
0.499821 0.212302 0.0977402 0 0 0 0 0 0
0.499732 0.208235 0.0977402 0 0 0 0 0 0
0.499631 0.203637 0.0977402 0 0 0 0 0 0
0.499547 0.199755 0.0977402 0 0 0 0 0 0
0.499442 0.194971 0.0977402 0 0 0 0 0 0
0.499362 0.191274 0.0977402 0 0 0 0 0 0
0.499253 0.186306 0.0977402 0 0 0 0 0 0
0.499176 0.182794 0.0977402 0 0 0 0 0 0
0.499064 0.17764 0.0977402 0 0 0 0 0 0
0.498991 0.174314 0.0977402 0 0 0 0 0 0
0.498969 0.17331 0.0977402 0 0 0 0 0 0
0.498969 0.17331 0.0977402 0 0 0 0 0 0
0.498887 0.168975 0.0977402 0 0 0 0 0 0
0.498826 0.165813 0.0977402 0 0 0 0 0 0
0.498721 0.160309 0.0977402 0 0 0 0 0 0
0.498664 0.15731 0.0977402 0 0 0 0 0 0
0.498556 0.151644 0.0977402 0 0 0 0 0 0
0.498501 0.148807 0.0977402 0 0 0 0 0 0
0.49839 0.142978 0.0977402 0 0 0 0 0 0
0.498339 0.140304 0.0977402 0 0 0 0 0 0
0.498225 0.134313 0.0977402 0 0 0 0 0 0
0.498177 0.131801 0.0977402 0 0 0 0 0 0
0.498059 0.125647 0.0977402 0 0 0 0 0 0
0.498014 0.123298 0.0977402 0 0 0 0 0 0
0.497893 0.116982 0.0977402 0 0 0 0 0 0
0.497852 0.114795 0.0977402 0 0 0 0 0 0
0.497728 0.108316 0.0977402 0 0 0 0 0 0
0.497689 0.106291 0.0977402 0 0 0 0 0 0
0.497645 0.103986 0.0977402 0 0 0 0 0 0
0.497645 0.103986 0.0977402 0 0 0 0 0 0
0.497562 0.0996506 0.0977402 0 0 0 0 0 0
0.497527 0.0977883 0.0977402 0 0 0 0 0 0
0.497397 0.0909851 0.0977402 0 0 0 0 0 0
0.497364 0.0892852 0.0977402 0 0 0 0 0 0
0.497231 0.0823196 0.0977402 0 0 0 0 0 0
0.497202 0.0807821 0.0977402 0 0 0 0 0 0
0.497066 0.0736541 0.0977402 0 0 0 0 0 0
0.49704 0.072279 0.0977402 0 0 0 0 0 0
0.4969 0.0649886 0.0977402 0 0 0 0 0 0
0.496877 0.0637759 0.0977402 0 0 0 0 0 0
0.496735 0.0563231 0.0977402 0 0 0 0 0 0
0.496715 0.0552728 0.0977402 0 0 0 0 0 0
0.496569 0.0476575 0.0977402 0 0 0 0 0 0
0.496552 0.0467697 0.0977402 0 0 0 0 0 0
0.496404 0.038992 0.0977402 0 0 0 0 0 0
0.49639 0.0382666 0.0977402 0 0 0 0 0 0
0.496321 0.0346619 0.0977402 0 0 0 0 0 0
0.496321 0.0346619 0.0977402 0 0 0 0 0 0
0.49678 0.0303265 0.0977402 0 0 0 0 0 0
0.496912 0.0290786 0.0977402 0 0 0 0 0 0
0.497698 0.021661 0.0977402 0 0 0 0 0 0
0.497939 0.0193868 0.0977402 0 0 0 0 0 0
0.498616 0.0129955 0.0977402 0 0 0 0 0 0
0.498965 0.00969491 0.0977402 0 0 0 0 0 0
0.499533 0.00432998 0.0977402 0 0 0 0 0 0
0.499992 3.01402e-06 0.0977402 0 0 0 0 0 0
0.500451 -0.00433558 0.0977402 0 0 0 0 0 0
0.501018 -0.00968888 0.0977402 0 0 0 0 0 0
0.501369 -0.0130011 0.0977402 0 0 0 0 0 0
0.502044 -0.0193807 0.0977402 0 0 0 0 0 0
0.502286 -0.0216666 0.0977402 0 0 0 0 0 0
0.503071 -0.0290726 0.0977402 0 0 0 0 0 0
0.503204 -0.0303321 0.0977402 0 0 0 0 0 0
0.503663 -0.0346622 0.0977402 0 0 0 0 0 0
0.503663 -0.0346622 0.0977402 0 0 0 0 0 0
0.503594 -0.0382614 0.0977402 0 0 0 0 0 0
0.50358 -0.0389977 0.0977402 0 0 0 0 0 0
0.503431 -0.0467644 0.0977402 0 0 0 0 0 0
0.503414 -0.0476632 0.0977402 0 0 0 0 0 0
0.503269 -0.0552675 0.0977402 0 0 0 0 0 0
0.503249 -0.0563287 0.0977402 0 0 0 0 0 0
0.503107 -0.0637706 0.0977402 0 0 0 0 0 0
0.503083 -0.0649942 0.0977402 0 0 0 0 0 0
0.502944 -0.0722737 0.0977402 0 0 0 0 0 0
0.502918 -0.0736597 0.0977402 0 0 0 0 0 0
0.502782 -0.0807768 0.0977402 0 0 0 0 0 0
0.502752 -0.0823252 0.0977402 0 0 0 0 0 0
0.502619 -0.0892799 0.0977402 0 0 0 0 0 0
0.502587 -0.0909907 0.0977402 0 0 0 0 0 0
0.502457 -0.097783 0.0977402 0 0 0 0 0 0
0.502421 -0.0996563 0.0977402 0 0 0 0 0 0
0.502338 -0.103986 0.0977402 0 0 0 0 0 0
0.502338 -0.103986 0.0977402 0 0 0 0 0 0
0.502294 -0.106286 0.0977402 0 0 0 0 0 0
0.502256 -0.108322 0.0977402 0 0 0 0 0 0
0.502132 -0.114789 0.0977402 0 0 0 0 0 0
0.50209 -0.116987 0.0977402 0 0 0 0 0 0
0.50197 -0.123292 0.0977402 0 0 0 0 0 0
0.501925 -0.125653 0.0977402 0 0 0 0 0 0
0.501807 -0.131795 0.0977402 0 0 0 0 0 0
0.501759 -0.134318 0.0977402 0 0 0 0 0 0
0.501645 -0.140299 0.0977402 0 0 0 0 0 0
0.501594 -0.142984 0.0977402 0 0 0 0 0 0
0.501482 -0.148802 0.0977402 0 0 0 0 0 0
0.501428 -0.151649 0.0977402 0 0 0 0 0 0
0.50132 -0.157305 0.0977402 0 0 0 0 0 0
0.501262 -0.160315 0.0977402 0 0 0 0 0 0
0.501158 -0.165808 0.0977402 0 0 0 0 0 0
0.501097 -0.16898 0.0977402 0 0 0 0 0 0
0.501014 -0.17331 0.0977402 0 0 0 0 0 0
0.501014 -0.17331 0.0977402 0 0 0 0 0 0
0.500992 -0.174308 0.0977402 0 0 0 0 0 0
0.50092 -0.177646 0.0977402 0 0 0 0 0 0
0.500807 -0.182789 0.0977402 0 0 0 0 0 0
0.50073 -0.186311 0.0977402 0 0 0 0 0 0
0.500622 -0.191269 0.0977402 0 0 0 0 0 0
0.500541 -0.194977 0.0977402 0 0 0 0 0 0
0.500437 -0.199749 0.0977402 0 0 0 0 0 0
0.500352 -0.203642 0.0977402 0 0 0 0 0 0
0.500252 -0.20823 0.0977402 0 0 0 0 0 0
0.500163 -0.212308 0.0977402 0 0 0 0 0 0
0.500067 -0.21671 0.0977402 0 0 0 0 0 0
0.499974 -0.220973 0.0977402 0 0 0 0 0 0
0.499882 -0.225191 0.0977402 0 0 0 0 0 0
0.499785 -0.229639 0.0977402 0 0 0 0 0 0
0.499697 -0.233671 0.0977402 0 0 0 0 0 0
0.49969 -0.233969 0.0977402 0 0 0 0 0 0
0.49969 -0.233969 0.0977402 0 0 0 0 0 0
0.499607 -0.238305 0.0977402 0 0 0 0 0 0
0.499533 -0.242173 0.0977402 0 0 0 0 0 0
0.499442 -0.24697 0.0977402 0 0 0 0 0 0
0.499371 -0.250676 0.0977402 0 0 0 0 0 0
0.499276 -0.255636 0.0977402 0 0 0 0 0 0
0.499209 -0.25918 0.0977402 0 0 0 0 0 0
0.499111 -0.264301 0.0977402 0 0 0 0 0 0
0.499046 -0.267683 0.0977402 0 0 0 0 0 0
0.498945 -0.272967 0.0977402 0 0 0 0 0 0
0.498884 -0.276186 0.0977402 0 0 0 0 0 0
0.49878 -0.281632 0.0977402 0 0 0 0 0 0
0.498721 -0.284689 0.0977402 0 0 0 0 0 0
0.498614 -0.290298 0.0977402 0 0 0 0 0 0
0.498559 -0.293192 0.0977402 0 0 0 0 0 0
0.498449 -0.298963 0.0977402 0 0 0 0 0 0
0.498396 -0.301695 0.0977402 0 0 0 0 0 0
0.498366 -0.303293 0.0977402 0 0 0 0 0 0
0.498366 -0.303293 0.0977402 0 0 0 0 0 0
0.498283 -0.307629 0.0977402 0 0 0 0 0 0
0.498234 -0.310198 0.0977402 0 0 0 0 0 0
0.498118 -0.316294 0.0977402 0 0 0 0 0 0
0.498072 -0.318701 0.0977402 0 0 0 0 0 0
0.497952 -0.32496 0.0977402 0 0 0 0 0 0
0.497909 -0.327204 0.0977402 0 0 0 0 0 0
0.497787 -0.333625 0.0977402 0 0 0 0 0 0
0.497747 -0.335707 0.0977402 0 0 0 0 0 0
0.497621 -0.342291 0.0977402 0 0 0 0 0 0
0.497584 -0.344211 0.0977402 0 0 0 0 0 0
0.497456 -0.350956 0.0977402 0 0 0 0 0 0
0.497422 -0.352714 0.0977402 0 0 0 0 0 0
0.49729 -0.359622 0.0977402 0 0 0 0 0 0
0.49726 -0.361217 0.0977402 0 0 0 0 0 0
0.497125 -0.368287 0.0977402 0 0 0 0 0 0
0.497097 -0.36972 0.0977402 0 0 0 0 0 0
0.497042 -0.372617 0.0977402 0 0 0 0 0 0
0.497042 -0.372617 0.0977402 0 0 0 0 0 0
0.496959 -0.376953 0.0977402 0 0 0 0 0 0
0.496935 -0.378223 0.0977402 0 0 0 0 0 0
0.496794 -0.385618 0.0977402 0 0 0 0 0 0
0.496772 -0.386726 0.0977402 0 0 0 0 0 0
0.496628 -0.394284 0.0977402 0 0 0 0 0 0
0.49661 -0.395229 0.0977402 0 0 0 0 0 0
0.496462 -0.402949 0.0977402 0 0 0 0 0 0
0.496448 -0.403732 0.0977402 0 0 0 0 0 0
0.496297 -0.411615 0.0977402 0 0 0 0 0 0
0.496285 -0.412235 0.0977402 0 0 0 0 0 0
0.496131 -0.42028 0.0977402 0 0 0 0 0 0
0.496123 -0.420739 0.0977402 0 0 0 0 0 0
0.495966 -0.428946 0.0977402 0 0 0 0 0 0
0.49596 -0.429242 0.0977402 0 0 0 0 0 0
0.4958 -0.437611 0.0977402 0 0 0 0 0 0
0.495798 -0.437745 0.0977402 0 0 0 0 0 0
0.495718 -0.441941 0.0977402 0 0 0 0 0 0
0.495718 -0.441941 0.0977402 0 0 0 0 0 0
0.495665 -0.441941 0.0977402 0 0 0 0 0 0
0.491288 -0.4419 0.0977402 0 0 0 0 0 0
0.486999 -0.44186 0.0977402 0 0 0 0 0 0
0.482541 -0.441819 0.0977402 0 0 0 0 0 0
0.478334 -0.44178 0.0977402 0 0 0 0 0 0
0.473794 -0.441737 0.0977402 0 0 0 0 0 0
0.469668 -0.441699 0.0977402 0 0 0 0 0 0
0.465047 -0.441656 0.0977402 0 0 0 0 0 0
0.461002 -0.441618 0.0977402 0 0 0 0 0 0
0.4563 -0.441574 0.0977402 0 0 0 0 0 0
0.452337 -0.441538 0.0977402 0 0 0 0 0 0
0.447553 -0.441493 0.0977402 0 0 0 0 0 0
0.443671 -0.441457 0.0977402 0 0 0 0 0 0
0.438806 -0.441412 0.0977402 0 0 0 0 0 0
0.435006 -0.441376 0.0977402 0 0 0 0 0 0
0.434489 -0.441371 0.0977402 0 0 0 0 0 0
0.434489 -0.441371 0.0977402 0 0 0 0 0 0
0.434091 -0.437611 0.0977402 0 0 0 0 0 0
0.433982 -0.436588 0.0977402 0 0 0 0 0 0
0.433173 -0.428946 0.0977402 0 0 0 0 0 0
0.432956 -0.426896 0.0977402 0 0 0 0 0 0
0.432255 -0.42028 0.0977402 0 0 0 0 0 0
0.43193 -0.417204 0.0977402 0 0 0 0 0 0
0.431338 -0.411615 0.0977402 0 0 0 0 0 0
0.430903 -0.407512 0.0977402 0 0 0 0 0 0
0.43042 -0.402949 0.0977402 0 0 0 0 0 0
0.429877 -0.39782 0.0977402 0 0 0 0 0 0
0.429502 -0.394284 0.0977402 0 0 0 0 0 0
0.428851 -0.388128 0.0977402 0 0 0 0 0 0
0.428585 -0.385618 0.0977402 0 0 0 0 0 0
0.427824 -0.378437 0.0977402 0 0 0 0 0 0
0.427667 -0.376953 0.0977402 0 0 0 0 0 0
0.427148 -0.372047 0.0977402 0 0 0 0 0 0
0.427148 -0.372047 0.0977402 0 0 0 0 0 0
0.427203 -0.36915 0.0977402 0 0 0 0 0 0
0.427219 -0.368287 0.0977402 0 0 0 0 0 0
0.427365 -0.360647 0.0977402 0 0 0 0 0 0
0.427385 -0.359622 0.0977402 0 0 0 0 0 0
0.427528 -0.352144 0.0977402 0 0 0 0 0 0
0.42755 -0.350956 0.0977402 0 0 0 0 0 0
0.42769 -0.34364 0.0977402 0 0 0 0 0 0
0.427716 -0.342291 0.0977402 0 0 0 0 0 0
0.427853 -0.335137 0.0977402 0 0 0 0 0 0
0.427881 -0.333625 0.0977402 0 0 0 0 0 0
0.428015 -0.326634 0.0977402 0 0 0 0 0 0
0.428047 -0.32496 0.0977402 0 0 0 0 0 0
0.428177 -0.318131 0.0977402 0 0 0 0 0 0
0.428212 -0.316294 0.0977402 0 0 0 0 0 0
0.42834 -0.309628 0.0977402 0 0 0 0 0 0
0.428378 -0.307629 0.0977402 0 0 0 0 0 0
0.428472 -0.302723 0.0977402 0 0 0 0 0 0
0.428472 -0.302723 0.0977402 0 0 0 0 0 0
0.428502 -0.301125 0.0977402 0 0 0 0 0 0
0.428543 -0.298963 0.0977402 0 0 0 0 0 0
0.428665 -0.292622 0.0977402 0 0 0 0 0 0
0.428709 -0.290298 0.0977402 0 0 0 0 0 0
0.428827 -0.284119 0.0977402 0 0 0 0 0 0
0.428874 -0.281632 0.0977402 0 0 0 0 0 0
0.428989 -0.275616 0.0977402 0 0 0 0 0 0
0.42904 -0.272967 0.0977402 0 0 0 0 0 0
0.429152 -0.267113 0.0977402 0 0 0 0 0 0
0.429206 -0.264301 0.0977402 0 0 0 0 0 0
0.429314 -0.258609 0.0977402 0 0 0 0 0 0
0.429371 -0.255636 0.0977402 0 0 0 0 0 0
0.429477 -0.250106 0.0977402 0 0 0 0 0 0
0.429537 -0.24697 0.0977402 0 0 0 0 0 0
0.429639 -0.241603 0.0977402 0 0 0 0 0 0
0.429702 -0.238305 0.0977402 0 0 0 0 0 0
0.429796 -0.233399 0.0977402 0 0 0 0 0 0
0.429796 -0.233399 0.0977402 0 0 0 0 0 0
0.429802 -0.233101 0.0977402 0 0 0 0 0 0
0.429878 -0.229639 0.0977402 0 0 0 0 0 0
0.429987 -0.22462 0.0977402 0 0 0 0 0 0
0.430067 -0.220973 0.0977402 0 0 0 0 0 0
0.430173 -0.21614 0.0977402 0 0 0 0 0 0
0.430256 -0.212308 0.0977402 0 0 0 0 0 0
0.430358 -0.20766 0.0977402 0 0 0 0 0 0
0.430445 -0.203642 0.0977402 0 0 0 0 0 0
0.430543 -0.199179 0.0977402 0 0 0 0 0 0
0.430635 -0.194977 0.0977402 0 0 0 0 0 0
0.430728 -0.190699 0.0977402 0 0 0 0 0 0
0.430824 -0.186311 0.0977402 0 0 0 0 0 0
0.430913 -0.182219 0.0977402 0 0 0 0 0 0
0.431013 -0.177646 0.0977402 0 0 0 0 0 0
0.431098 -0.173738 0.0977402 0 0 0 0 0 0
0.43112 -0.17274 0.0977402 0 0 0 0 0 0
0.43112 -0.17274 0.0977402 0 0 0 0 0 0
0.431192 -0.16898 0.0977402 0 0 0 0 0 0
0.431263 -0.165238 0.0977402 0 0 0 0 0 0
0.431357 -0.160315 0.0977402 0 0 0 0 0 0
0.431426 -0.156735 0.0977402 0 0 0 0 0 0
0.431523 -0.151649 0.0977402 0 0 0 0 0 0
0.431588 -0.148231 0.0977402 0 0 0 0 0 0
0.431688 -0.142984 0.0977402 0 0 0 0 0 0
0.43175 -0.139728 0.0977402 0 0 0 0 0 0
0.431854 -0.134318 0.0977402 0 0 0 0 0 0
0.431913 -0.131225 0.0977402 0 0 0 0 0 0
0.432019 -0.125653 0.0977402 0 0 0 0 0 0
0.432075 -0.122722 0.0977402 0 0 0 0 0 0
0.432185 -0.116987 0.0977402 0 0 0 0 0 0
0.432238 -0.114219 0.0977402 0 0 0 0 0 0
0.43235 -0.108322 0.0977402 0 0 0 0 0 0
0.4324 -0.105716 0.0977402 0 0 0 0 0 0
0.432444 -0.103416 0.0977402 0 0 0 0 0 0
0.432444 -0.103416 0.0977402 0 0 0 0 0 0
0.432516 -0.0996563 0.0977402 0 0 0 0 0 0
0.432563 -0.0972129 0.0977402 0 0 0 0 0 0
0.432681 -0.0909907 0.0977402 0 0 0 0 0 0
0.432725 -0.0887098 0.0977402 0 0 0 0 0 0
0.432847 -0.0823252 0.0977402 0 0 0 0 0 0
0.432887 -0.0802067 0.0977402 0 0 0 0 0 0
0.433012 -0.0736597 0.0977402 0 0 0 0 0 0
0.43305 -0.0717036 0.0977402 0 0 0 0 0 0
0.433178 -0.0649942 0.0977402 0 0 0 0 0 0
0.433212 -0.0632005 0.0977402 0 0 0 0 0 0
0.433343 -0.0563287 0.0977402 0 0 0 0 0 0
0.433375 -0.0546974 0.0977402 0 0 0 0 0 0
0.433509 -0.0476632 0.0977402 0 0 0 0 0 0
0.433537 -0.0461943 0.0977402 0 0 0 0 0 0
0.433674 -0.0389977 0.0977402 0 0 0 0 0 0
0.433699 -0.0376912 0.0977402 0 0 0 0 0 0
0.433768 -0.034092 0.0977402 0 0 0 0 0 0
0.433768 -0.034092 0.0977402 0 0 0 0 0 0
0.43337 -0.0303321 0.0977402 0 0 0 0 0 0
0.433176 -0.0285024 0.0977402 0 0 0 0 0 0
0.432452 -0.0216666 0.0977402 0 0 0 0 0 0
0.43215 -0.0188106 0.0977402 0 0 0 0 0 0
0.431535 -0.0130011 0.0977402 0 0 0 0 0 0
0.431124 -0.00911872 0.0977402 0 0 0 0 0 0
0.430617 -0.00433558 0.0977402 0 0 0 0 0 0
0.430097 0.000573184 0.0977402 0 0 0 0 0 0
0.429699 0.00432998 0.0977402 0 0 0 0 0 0
0.429071 0.0102651 0.0977402 0 0 0 0 0 0
0.428782 0.0129955 0.0977402 0 0 0 0 0 0
0.428044 0.0199569 0.0977402 0 0 0 0 0 0
0.427864 0.021661 0.0977402 0 0 0 0 0 0
0.427018 0.0296488 0.0977402 0 0 0 0 0 0
0.426946 0.0303265 0.0977402 0 0 0 0 0 0
0.426427 0.0352321 0.0977402 0 0 0 0 0 0
0.426427 0.0352321 0.0977402 0 0 0 0 0 0
0.426496 0.0388368 0.0977402 0 0 0 0 0 0
0.426499 0.038992 0.0977402 0 0 0 0 0 0
0.426658 0.0473399 0.0977402 0 0 0 0 0 0
0.426664 0.0476575 0.0977402 0 0 0 0 0 0
0.42682 0.055843 0.0977402 0 0 0 0 0 0
0.42683 0.0563231 0.0977402 0 0 0 0 0 0
0.426983 0.064346 0.0977402 0 0 0 0 0 0
0.426995 0.0649886 0.0977402 0 0 0 0 0 0
0.427145 0.0728492 0.0977402 0 0 0 0 0 0
0.427161 0.0736541 0.0977402 0 0 0 0 0 0
0.427308 0.0813523 0.0977402 0 0 0 0 0 0
0.427326 0.0823196 0.0977402 0 0 0 0 0 0
0.42747 0.0898554 0.0977402 0 0 0 0 0 0
0.427492 0.0909851 0.0977402 0 0 0 0 0 0
0.427633 0.0983585 0.0977402 0 0 0 0 0 0
0.427657 0.0996506 0.0977402 0 0 0 0 0 0
0.427751 0.104556 0.0977402 0 0 0 0 0 0
0.427751 0.104556 0.0977402 0 0 0 0 0 0
0.427795 0.106862 0.0977402 0 0 0 0 0 0
0.427823 0.108316 0.0977402 0 0 0 0 0 0
0.427957 0.115365 0.0977402 0 0 0 0 0 0
0.427988 0.116982 0.0977402 0 0 0 0 0 0
0.42812 0.123868 0.0977402 0 0 0 0 0 0
0.428154 0.125647 0.0977402 0 0 0 0 0 0
0.428282 0.132371 0.0977402 0 0 0 0 0 0
0.428319 0.134313 0.0977402 0 0 0 0 0 0
0.428445 0.140874 0.0977402 0 0 0 0 0 0
0.428485 0.142978 0.0977402 0 0 0 0 0 0
0.428607 0.149377 0.0977402 0 0 0 0 0 0
0.42865 0.151644 0.0977402 0 0 0 0 0 0
0.428769 0.15788 0.0977402 0 0 0 0 0 0
0.428816 0.160309 0.0977402 0 0 0 0 0 0
0.428932 0.166383 0.0977402 0 0 0 0 0 0
0.428981 0.168975 0.0977402 0 0 0 0 0 0
0.429075 0.17388 0.0977402 0 0 0 0 0 0
0.429075 0.17388 0.0977402 0 0 0 0 0 0
0.429097 0.174884 0.0977402 0 0 0 0 0 0
0.429157 0.17764 0.0977402 0 0 0 0 0 0
0.429282 0.183364 0.0977402 0 0 0 0 0 0
0.429346 0.186306 0.0977402 0 0 0 0 0 0
0.429467 0.191845 0.0977402 0 0 0 0 0 0
0.429535 0.194971 0.0977402 0 0 0 0 0 0
0.429652 0.200325 0.0977402 0 0 0 0 0 0
0.429725 0.203637 0.0977402 0 0 0 0 0 0
0.429837 0.208805 0.0977402 0 0 0 0 0 0
0.429914 0.212302 0.0977402 0 0 0 0 0 0
0.430023 0.217286 0.0977402 0 0 0 0 0 0
0.430103 0.220968 0.0977402 0 0 0 0 0 0
0.430208 0.225766 0.0977402 0 0 0 0 0 0
0.430292 0.229633 0.0977402 0 0 0 0 0 0
0.430393 0.234246 0.0977402 0 0 0 0 0 0
0.430399 0.234539 0.0977402 0 0 0 0 0 0
0.430399 0.234539 0.0977402 0 0 0 0 0 0
0.430471 0.238299 0.0977402 0 0 0 0 0 0
0.430556 0.242749 0.0977402 0 0 0 0 0 0
0.430637 0.246964 0.0977402 0 0 0 0 0 0
0.430718 0.251252 0.0977402 0 0 0 0 0 0
0.430802 0.25563 0.0977402 0 0 0 0 0 0
0.430881 0.259755 0.0977402 0 0 0 0 0 0
0.430968 0.264295 0.0977402 0 0 0 0 0 0
0.431043 0.268258 0.0977402 0 0 0 0 0 0
0.431133 0.272961 0.0977402 0 0 0 0 0 0
0.431206 0.276761 0.0977402 0 0 0 0 0 0
0.431299 0.281627 0.0977402 0 0 0 0 0 0
0.431368 0.285264 0.0977402 0 0 0 0 0 0
0.431464 0.290292 0.0977402 0 0 0 0 0 0
0.43153 0.293767 0.0977402 0 0 0 0 0 0
0.43163 0.298958 0.0977402 0 0 0 0 0 0
0.431693 0.302271 0.0977402 0 0 0 0 0 0
0.431723 0.303863 0.0977402 0 0 0 0 0 0
0.431723 0.303863 0.0977402 0 0 0 0 0 0
0.431795 0.307623 0.0977402 0 0 0 0 0 0
0.431855 0.310774 0.0977402 0 0 0 0 0 0
0.431961 0.316289 0.0977402 0 0 0 0 0 0
0.432018 0.319277 0.0977402 0 0 0 0 0 0
0.432126 0.324954 0.0977402 0 0 0 0 0 0
0.43218 0.32778 0.0977402 0 0 0 0 0 0
0.432292 0.33362 0.0977402 0 0 0 0 0 0
0.432343 0.336283 0.0977402 0 0 0 0 0 0
0.432457 0.342285 0.0977402 0 0 0 0 0 0
0.432505 0.344786 0.0977402 0 0 0 0 0 0
0.432623 0.350951 0.0977402 0 0 0 0 0 0
0.432667 0.353289 0.0977402 0 0 0 0 0 0
0.432788 0.359616 0.0977402 0 0 0 0 0 0
0.43283 0.361792 0.0977402 0 0 0 0 0 0
0.432954 0.368282 0.0977402 0 0 0 0 0 0
0.432992 0.370295 0.0977402 0 0 0 0 0 0
0.433047 0.373187 0.0977402 0 0 0 0 0 0
0.433047 0.373187 0.0977402 0 0 0 0 0 0
0.433119 0.376947 0.0977402 0 0 0 0 0 0
0.433155 0.378798 0.0977402 0 0 0 0 0 0
0.433285 0.385613 0.0977402 0 0 0 0 0 0
0.433317 0.387302 0.0977402 0 0 0 0 0 0
0.43345 0.394278 0.0977402 0 0 0 0 0 0
0.433479 0.395805 0.0977402 0 0 0 0 0 0
0.433616 0.402944 0.0977402 0 0 0 0 0 0
0.433642 0.404308 0.0977402 0 0 0 0 0 0
0.433781 0.411609 0.0977402 0 0 0 0 0 0
0.433804 0.412811 0.0977402 0 0 0 0 0 0
0.433947 0.420275 0.0977402 0 0 0 0 0 0
0.433967 0.421314 0.0977402 0 0 0 0 0 0
0.434112 0.42894 0.0977402 0 0 0 0 0 0
0.434129 0.429817 0.0977402 0 0 0 0 0 0
0.434278 0.437606 0.0977402 0 0 0 0 0 0
0.434292 0.43832 0.0977402 0 0 0 0 0 0
0.434372 0.442511 0.0977402 0 0 0 0 0 0
0.434372 0.442511 0.0977402 0 0 0 0 0 0
0.430065 0.442547 0.0977402 0 0 0 0 0 0
0.42634 0.442577 0.0977402 0 0 0 0 0 0
0.421328 0.442618 0.0977402 0 0 0 0 0 0
0.417675 0.442648 0.0977402 0 0 0 0 0 0
0.412591 0.44269 0.0977402 0 0 0 0 0 0
0.409009 0.442719 0.0977402 0 0 0 0 0 0
0.403854 0.442762 0.0977402 0 0 0 0 0 0
0.400344 0.44279 0.0977402 0 0 0 0 0 0
0.395116 0.442833 0.0977402 0 0 0 0 0 0
0.391678 0.442862 0.0977402 0 0 0 0 0 0
0.386379 0.442905 0.0977402 0 0 0 0 0 0
0.383013 0.442933 0.0977402 0 0 0 0 0 0
0.377642 0.442977 0.0977402 0 0 0 0 0 0
0.374347 0.443004 0.0977402 0 0 0 0 0 0
0.368905 0.443048 0.0977402 0 0 0 0 0 0
0.365682 0.443075 0.0977402 0 0 0 0 0 0
0.364474 0.443085 0.0977402 0 0 0 0 0 0
0.364474 0.443085 0.0977402 0 0 0 0 0 0
0.364394 0.438893 0.0977402 0 0 0 0 0 0
0.36437 0.437606 0.0977402 0 0 0 0 0 0
0.364232 0.43039 0.0977402 0 0 0 0 0 0
0.364204 0.42894 0.0977402 0 0 0 0 0 0
0.364069 0.421887 0.0977402 0 0 0 0 0 0
0.364039 0.420275 0.0977402 0 0 0 0 0 0
0.363907 0.413384 0.0977402 0 0 0 0 0 0
0.363873 0.411609 0.0977402 0 0 0 0 0 0
0.363745 0.404881 0.0977402 0 0 0 0 0 0
0.363708 0.402944 0.0977402 0 0 0 0 0 0
0.363582 0.396378 0.0977402 0 0 0 0 0 0
0.363542 0.394278 0.0977402 0 0 0 0 0 0
0.36342 0.387875 0.0977402 0 0 0 0 0 0
0.363377 0.385613 0.0977402 0 0 0 0 0 0
0.363257 0.379372 0.0977402 0 0 0 0 0 0
0.363211 0.376947 0.0977402 0 0 0 0 0 0
0.36315 0.37376 0.0977402 0 0 0 0 0 0
0.36315 0.37376 0.0977402 0 0 0 0 0 0
0.363095 0.370868 0.0977402 0 0 0 0 0 0
0.363046 0.368282 0.0977402 0 0 0 0 0 0
0.362933 0.362365 0.0977402 0 0 0 0 0 0
0.36288 0.359616 0.0977402 0 0 0 0 0 0
0.36277 0.353862 0.0977402 0 0 0 0 0 0
0.362715 0.350951 0.0977402 0 0 0 0 0 0
0.362608 0.345359 0.0977402 0 0 0 0 0 0
0.362549 0.342285 0.0977402 0 0 0 0 0 0
0.362445 0.336856 0.0977402 0 0 0 0 0 0
0.362383 0.33362 0.0977402 0 0 0 0 0 0
0.362283 0.328353 0.0977402 0 0 0 0 0 0
0.362218 0.324954 0.0977402 0 0 0 0 0 0
0.36212 0.31985 0.0977402 0 0 0 0 0 0
0.362052 0.316289 0.0977402 0 0 0 0 0 0
0.361958 0.311347 0.0977402 0 0 0 0 0 0
0.361887 0.307623 0.0977402 0 0 0 0 0 0
0.361826 0.304436 0.0977402 0 0 0 0 0 0
0.361826 0.304436 0.0977402 0 0 0 0 0 0
0.361796 0.302844 0.0977402 0 0 0 0 0 0
0.361721 0.298958 0.0977402 0 0 0 0 0 0
0.361633 0.294341 0.0977402 0 0 0 0 0 0
0.361556 0.290292 0.0977402 0 0 0 0 0 0
0.361471 0.285837 0.0977402 0 0 0 0 0 0
0.36139 0.281627 0.0977402 0 0 0 0 0 0
0.361308 0.277334 0.0977402 0 0 0 0 0 0
0.361225 0.272961 0.0977402 0 0 0 0 0 0
0.361146 0.268831 0.0977402 0 0 0 0 0 0
0.361059 0.264295 0.0977402 0 0 0 0 0 0
0.360984 0.260328 0.0977402 0 0 0 0 0 0
0.360894 0.25563 0.0977402 0 0 0 0 0 0
0.360821 0.251825 0.0977402 0 0 0 0 0 0
0.360728 0.246964 0.0977402 0 0 0 0 0 0
0.360659 0.243322 0.0977402 0 0 0 0 0 0
0.360563 0.238299 0.0977402 0 0 0 0 0 0
0.360502 0.235112 0.0977402 0 0 0 0 0 0
0.360502 0.235112 0.0977402 0 0 0 0 0 0
0.360496 0.23482 0.0977402 0 0 0 0 0 0
0.360382 0.229633 0.0977402 0 0 0 0 0 0
0.36031 0.226339 0.0977402 0 0 0 0 0 0
0.360193 0.220968 0.0977402 0 0 0 0 0 0
0.360125 0.217859 0.0977402 0 0 0 0 0 0
0.360004 0.212302 0.0977402 0 0 0 0 0 0
0.35994 0.209378 0.0977402 0 0 0 0 0 0
0.359815 0.203637 0.0977402 0 0 0 0 0 0
0.359755 0.200898 0.0977402 0 0 0 0 0 0
0.359626 0.194971 0.0977402 0 0 0 0 0 0
0.35957 0.192418 0.0977402 0 0 0 0 0 0
0.359437 0.186306 0.0977402 0 0 0 0 0 0
0.359385 0.183937 0.0977402 0 0 0 0 0 0
0.359247 0.17764 0.0977402 0 0 0 0 0 0
0.3592 0.175457 0.0977402 0 0 0 0 0 0
0.359178 0.174454 0.0977402 0 0 0 0 0 0
0.359178 0.174454 0.0977402 0 0 0 0 0 0
0.359073 0.168975 0.0977402 0 0 0 0 0 0
0.359035 0.166956 0.0977402 0 0 0 0 0 0
0.358908 0.160309 0.0977402 0 0 0 0 0 0
0.358872 0.158453 0.0977402 0 0 0 0 0 0
0.358742 0.151644 0.0977402 0 0 0 0 0 0
0.35871 0.14995 0.0977402 0 0 0 0 0 0
0.358577 0.142978 0.0977402 0 0 0 0 0 0
0.358547 0.141447 0.0977402 0 0 0 0 0 0
0.358411 0.134313 0.0977402 0 0 0 0 0 0
0.358385 0.132944 0.0977402 0 0 0 0 0 0
0.358246 0.125647 0.0977402 0 0 0 0 0 0
0.358223 0.124441 0.0977402 0 0 0 0 0 0
0.35808 0.116982 0.0977402 0 0 0 0 0 0
0.35806 0.115938 0.0977402 0 0 0 0 0 0
0.357915 0.108316 0.0977402 0 0 0 0 0 0
0.357898 0.107435 0.0977402 0 0 0 0 0 0
0.357854 0.105129 0.0977402 0 0 0 0 0 0
0.357854 0.105129 0.0977402 0 0 0 0 0 0
0.358434 0.0996506 0.0977402 0 0 0 0 0 0
0.358602 0.0980651 0.0977402 0 0 0 0 0 0
0.359352 0.0909851 0.0977402 0 0 0 0 0 0
0.359628 0.0883733 0.0977402 0 0 0 0 0 0
0.360269 0.0823196 0.0977402 0 0 0 0 0 0
0.360654 0.0786814 0.0977402 0 0 0 0 0 0
0.361187 0.0736541 0.0977402 0 0 0 0 0 0
0.361681 0.0689895 0.0977402 0 0 0 0 0 0
0.362105 0.0649886 0.0977402 0 0 0 0 0 0
0.362707 0.0592976 0.0977402 0 0 0 0 0 0
0.363022 0.0563231 0.0977402 0 0 0 0 0 0
0.363734 0.0496057 0.0977402 0 0 0 0 0 0
0.36394 0.0476575 0.0977402 0 0 0 0 0 0
0.36476 0.0399139 0.0977402 0 0 0 0 0 0
0.364858 0.038992 0.0977402 0 0 0 0 0 0
0.365195 0.0358053 0.0977402 0 0 0 0 0 0
0.365195 0.0358053 0.0977402 0 0 0 0 0 0
0.365101 0.0309068 0.0977402 0 0 0 0 0 0
0.36509 0.0303265 0.0977402 0 0 0 0 0 0
0.364939 0.0224037 0.0977402 0 0 0 0 0 0
0.364925 0.021661 0.0977402 0 0 0 0 0 0
0.364777 0.0139006 0.0977402 0 0 0 0 0 0
0.364759 0.0129955 0.0977402 0 0 0 0 0 0
0.364614 0.0053975 0.0977402 0 0 0 0 0 0
0.364594 0.00432998 0.0977402 0 0 0 0 0 0
0.364452 -0.00310563 0.0977402 0 0 0 0 0 0
0.364428 -0.00433558 0.0977402 0 0 0 0 0 0
0.364289 -0.0116087 0.0977402 0 0 0 0 0 0
0.364263 -0.0130011 0.0977402 0 0 0 0 0 0
0.364127 -0.0201118 0.0977402 0 0 0 0 0 0
0.364097 -0.0216666 0.0977402 0 0 0 0 0 0
0.363965 -0.0286149 0.0977402 0 0 0 0 0 0
0.363932 -0.0303321 0.0977402 0 0 0 0 0 0
0.363871 -0.0335189 0.0977402 0 0 0 0 0 0
0.363871 -0.0335189 0.0977402 0 0 0 0 0 0
0.363802 -0.037118 0.0977402 0 0 0 0 0 0
0.363766 -0.0389977 0.0977402 0 0 0 0 0 0
0.36364 -0.0456211 0.0977402 0 0 0 0 0 0
0.363601 -0.0476632 0.0977402 0 0 0 0 0 0
0.363477 -0.0541242 0.0977402 0 0 0 0 0 0
0.363435 -0.0563287 0.0977402 0 0 0 0 0 0
0.363315 -0.0626273 0.0977402 0 0 0 0 0 0
0.36327 -0.0649942 0.0977402 0 0 0 0 0 0
0.363153 -0.0711304 0.0977402 0 0 0 0 0 0
0.363104 -0.0736597 0.0977402 0 0 0 0 0 0
0.36299 -0.0796335 0.0977402 0 0 0 0 0 0
0.362939 -0.0823252 0.0977402 0 0 0 0 0 0
0.362828 -0.0881366 0.0977402 0 0 0 0 0 0
0.362773 -0.0909907 0.0977402 0 0 0 0 0 0
0.362665 -0.0966397 0.0977402 0 0 0 0 0 0
0.362608 -0.0996563 0.0977402 0 0 0 0 0 0
0.362547 -0.102843 0.0977402 0 0 0 0 0 0
0.362547 -0.102843 0.0977402 0 0 0 0 0 0
0.362503 -0.105143 0.0977402 0 0 0 0 0 0
0.362442 -0.108322 0.0977402 0 0 0 0 0 0
0.36234 -0.113646 0.0977402 0 0 0 0 0 0
0.362277 -0.116987 0.0977402 0 0 0 0 0 0
0.362178 -0.122149 0.0977402 0 0 0 0 0 0
0.362111 -0.125653 0.0977402 0 0 0 0 0 0
0.362016 -0.130652 0.0977402 0 0 0 0 0 0
0.361946 -0.134318 0.0977402 0 0 0 0 0 0
0.361853 -0.139155 0.0977402 0 0 0 0 0 0
0.36178 -0.142984 0.0977402 0 0 0 0 0 0
0.361691 -0.147658 0.0977402 0 0 0 0 0 0
0.361615 -0.151649 0.0977402 0 0 0 0 0 0
0.361528 -0.156161 0.0977402 0 0 0 0 0 0
0.361449 -0.160315 0.0977402 0 0 0 0 0 0
0.361366 -0.164665 0.0977402 0 0 0 0 0 0
0.361284 -0.16898 0.0977402 0 0 0 0 0 0
0.361223 -0.172167 0.0977402 0 0 0 0 0 0
0.361223 -0.172167 0.0977402 0 0 0 0 0 0
0.361201 -0.173165 0.0977402 0 0 0 0 0 0
0.361103 -0.177646 0.0977402 0 0 0 0 0 0
0.361016 -0.181645 0.0977402 0 0 0 0 0 0
0.360914 -0.186311 0.0977402 0 0 0 0 0 0
0.360831 -0.190126 0.0977402 0 0 0 0 0 0
0.360725 -0.194977 0.0977402 0 0 0 0 0 0
0.360645 -0.198606 0.0977402 0 0 0 0 0 0
0.360536 -0.203642 0.0977402 0 0 0 0 0 0
0.36046 -0.207087 0.0977402 0 0 0 0 0 0
0.360346 -0.212308 0.0977402 0 0 0 0 0 0
0.360275 -0.215567 0.0977402 0 0 0 0 0 0
0.360157 -0.220973 0.0977402 0 0 0 0 0 0
0.36009 -0.224047 0.0977402 0 0 0 0 0 0
0.359968 -0.229639 0.0977402 0 0 0 0 0 0
0.359905 -0.232528 0.0977402 0 0 0 0 0 0
0.359899 -0.232826 0.0977402 0 0 0 0 0 0
0.359899 -0.232826 0.0977402 0 0 0 0 0 0
0.359794 -0.238305 0.0977402 0 0 0 0 0 0
0.359742 -0.24103 0.0977402 0 0 0 0 0 0
0.359628 -0.24697 0.0977402 0 0 0 0 0 0
0.359579 -0.249533 0.0977402 0 0 0 0 0 0
0.359463 -0.255636 0.0977402 0 0 0 0 0 0
0.359417 -0.258036 0.0977402 0 0 0 0 0 0
0.359297 -0.264301 0.0977402 0 0 0 0 0 0
0.359255 -0.266539 0.0977402 0 0 0 0 0 0
0.359132 -0.272967 0.0977402 0 0 0 0 0 0
0.359092 -0.275042 0.0977402 0 0 0 0 0 0
0.358966 -0.281632 0.0977402 0 0 0 0 0 0
0.35893 -0.283546 0.0977402 0 0 0 0 0 0
0.358801 -0.290298 0.0977402 0 0 0 0 0 0
0.358767 -0.292049 0.0977402 0 0 0 0 0 0
0.358635 -0.298963 0.0977402 0 0 0 0 0 0
0.358605 -0.300552 0.0977402 0 0 0 0 0 0
0.358574 -0.30215 0.0977402 0 0 0 0 0 0
0.358574 -0.30215 0.0977402 0 0 0 0 0 0
0.35847 -0.307629 0.0977402 0 0 0 0 0 0
0.358442 -0.309055 0.0977402 0 0 0 0 0 0
0.358304 -0.316294 0.0977402 0 0 0 0 0 0
0.35828 -0.317558 0.0977402 0 0 0 0 0 0
0.358139 -0.32496 0.0977402 0 0 0 0 0 0
0.358118 -0.326061 0.0977402 0 0 0 0 0 0
0.357973 -0.333625 0.0977402 0 0 0 0 0 0
0.357955 -0.334564 0.0977402 0 0 0 0 0 0
0.357808 -0.342291 0.0977402 0 0 0 0 0 0
0.357793 -0.343067 0.0977402 0 0 0 0 0 0
0.357642 -0.350956 0.0977402 0 0 0 0 0 0
0.35763 -0.35157 0.0977402 0 0 0 0 0 0
0.357477 -0.359622 0.0977402 0 0 0 0 0 0
0.357468 -0.360074 0.0977402 0 0 0 0 0 0
0.357311 -0.368287 0.0977402 0 0 0 0 0 0
0.357306 -0.368577 0.0977402 0 0 0 0 0 0
0.35725 -0.371474 0.0977402 0 0 0 0 0 0
0.35725 -0.371474 0.0977402 0 0 0 0 0 0
0.35783 -0.376953 0.0977402 0 0 0 0 0 0
0.357927 -0.377863 0.0977402 0 0 0 0 0 0
0.358748 -0.385618 0.0977402 0 0 0 0 0 0
0.358953 -0.387555 0.0977402 0 0 0 0 0 0
0.359666 -0.394284 0.0977402 0 0 0 0 0 0
0.35998 -0.397247 0.0977402 0 0 0 0 0 0
0.360583 -0.402949 0.0977402 0 0 0 0 0 0
0.361006 -0.406939 0.0977402 0 0 0 0 0 0
0.361501 -0.411615 0.0977402 0 0 0 0 0 0
0.362032 -0.416631 0.0977402 0 0 0 0 0 0
0.362419 -0.42028 0.0977402 0 0 0 0 0 0
0.363059 -0.426323 0.0977402 0 0 0 0 0 0
0.363336 -0.428946 0.0977402 0 0 0 0 0 0
0.364085 -0.436015 0.0977402 0 0 0 0 0 0
0.364254 -0.437611 0.0977402 0 0 0 0 0 0
0.364592 -0.440798 0.0977402 0 0 0 0 0 0
0.364592 -0.440798 0.0977402 0 0 0 0 0 0
0.360212 -0.440807 0.0977402 0 0 0 0 0 0
0.357016 -0.440814 0.0977402 0 0 0 0 0 0
0.351565 -0.440826 0.0977402 0 0 0 0 0 0
0.348351 -0.440832 0.0977402 0 0 0 0 0 0
0.342918 -0.440844 0.0977402 0 0 0 0 0 0
0.339685 -0.440851 0.0977402 0 0 0 0 0 0
0.33427 -0.440862 0.0977402 0 0 0 0 0 0
0.33102 -0.440869 0.0977402 0 0 0 0 0 0
0.325623 -0.44088 0.0977402 0 0 0 0 0 0
0.322354 -0.440887 0.0977402 0 0 0 0 0 0
0.316976 -0.440899 0.0977402 0 0 0 0 0 0
0.313689 -0.440906 0.0977402 0 0 0 0 0 0
0.308329 -0.440917 0.0977402 0 0 0 0 0 0
0.305023 -0.440924 0.0977402 0 0 0 0 0 0
0.299681 -0.440935 0.0977402 0 0 0 0 0 0
0.296358 -0.440942 0.0977402 0 0 0 0 0 0
0.295413 -0.440944 0.0977402 0 0 0 0 0 0
0.295413 -0.440944 0.0977402 0 0 0 0 0 0
0.29506 -0.437611 0.0977402 0 0 0 0 0 0
0.294907 -0.436161 0.0977402 0 0 0 0 0 0
0.294143 -0.428946 0.0977402 0 0 0 0 0 0
0.29388 -0.426469 0.0977402 0 0 0 0 0 0
0.293225 -0.42028 0.0977402 0 0 0 0 0 0
0.292854 -0.416777 0.0977402 0 0 0 0 0 0
0.292307 -0.411615 0.0977402 0 0 0 0 0 0
0.291828 -0.407085 0.0977402 0 0 0 0 0 0
0.29139 -0.402949 0.0977402 0 0 0 0 0 0
0.290801 -0.397393 0.0977402 0 0 0 0 0 0
0.290472 -0.394284 0.0977402 0 0 0 0 0 0
0.289775 -0.387701 0.0977402 0 0 0 0 0 0
0.289554 -0.385618 0.0977402 0 0 0 0 0 0
0.288749 -0.378009 0.0977402 0 0 0 0 0 0
0.288637 -0.376953 0.0977402 0 0 0 0 0 0
0.288072 -0.37162 0.0977402 0 0 0 0 0 0
0.288072 -0.37162 0.0977402 0 0 0 0 0 0
0.288127 -0.368722 0.0977402 0 0 0 0 0 0
0.288136 -0.368287 0.0977402 0 0 0 0 0 0
0.28829 -0.360219 0.0977402 0 0 0 0 0 0
0.288301 -0.359622 0.0977402 0 0 0 0 0 0
0.288452 -0.351716 0.0977402 0 0 0 0 0 0
0.288467 -0.350956 0.0977402 0 0 0 0 0 0
0.288615 -0.343213 0.0977402 0 0 0 0 0 0
0.288632 -0.342291 0.0977402 0 0 0 0 0 0
0.288777 -0.33471 0.0977402 0 0 0 0 0 0
0.288798 -0.333625 0.0977402 0 0 0 0 0 0
0.288939 -0.326207 0.0977402 0 0 0 0 0 0
0.288963 -0.32496 0.0977402 0 0 0 0 0 0
0.289102 -0.317704 0.0977402 0 0 0 0 0 0
0.289129 -0.316294 0.0977402 0 0 0 0 0 0
0.289264 -0.309201 0.0977402 0 0 0 0 0 0
0.289294 -0.307629 0.0977402 0 0 0 0 0 0
0.289396 -0.302296 0.0977402 0 0 0 0 0 0
0.289396 -0.302296 0.0977402 0 0 0 0 0 0
0.289427 -0.300698 0.0977402 0 0 0 0 0 0
0.28946 -0.298963 0.0977402 0 0 0 0 0 0
0.289589 -0.292195 0.0977402 0 0 0 0 0 0
0.289625 -0.290298 0.0977402 0 0 0 0 0 0
0.289751 -0.283691 0.0977402 0 0 0 0 0 0
0.289791 -0.281632 0.0977402 0 0 0 0 0 0
0.289914 -0.275188 0.0977402 0 0 0 0 0 0
0.289956 -0.272967 0.0977402 0 0 0 0 0 0
0.290076 -0.266685 0.0977402 0 0 0 0 0 0
0.290122 -0.264301 0.0977402 0 0 0 0 0 0
0.290239 -0.258182 0.0977402 0 0 0 0 0 0
0.290287 -0.255636 0.0977402 0 0 0 0 0 0
0.290401 -0.249679 0.0977402 0 0 0 0 0 0
0.290453 -0.24697 0.0977402 0 0 0 0 0 0
0.290564 -0.241176 0.0977402 0 0 0 0 0 0
0.290618 -0.238305 0.0977402 0 0 0 0 0 0
0.29072 -0.232972 0.0977402 0 0 0 0 0 0
0.29072 -0.232972 0.0977402 0 0 0 0 0 0
0.290727 -0.232674 0.0977402 0 0 0 0 0 0
0.290793 -0.229639 0.0977402 0 0 0 0 0 0
0.290912 -0.224193 0.0977402 0 0 0 0 0 0
0.290982 -0.220973 0.0977402 0 0 0 0 0 0
0.291097 -0.215713 0.0977402 0 0 0 0 0 0
0.291171 -0.212308 0.0977402 0 0 0 0 0 0
0.291282 -0.207232 0.0977402 0 0 0 0 0 0
0.29136 -0.203642 0.0977402 0 0 0 0 0 0
0.291467 -0.198752 0.0977402 0 0 0 0 0 0
0.29155 -0.194977 0.0977402 0 0 0 0 0 0
0.291652 -0.190272 0.0977402 0 0 0 0 0 0
0.291739 -0.186311 0.0977402 0 0 0 0 0 0
0.291837 -0.181791 0.0977402 0 0 0 0 0 0
0.291928 -0.177646 0.0977402 0 0 0 0 0 0
0.292023 -0.173311 0.0977402 0 0 0 0 0 0
0.292044 -0.172313 0.0977402 0 0 0 0 0 0
0.292044 -0.172313 0.0977402 0 0 0 0 0 0
0.292108 -0.16898 0.0977402 0 0 0 0 0 0
0.292188 -0.16481 0.0977402 0 0 0 0 0 0
0.292274 -0.160315 0.0977402 0 0 0 0 0 0
0.29235 -0.156307 0.0977402 0 0 0 0 0 0
0.292439 -0.151649 0.0977402 0 0 0 0 0 0
0.292513 -0.147804 0.0977402 0 0 0 0 0 0
0.292605 -0.142984 0.0977402 0 0 0 0 0 0
0.292675 -0.139301 0.0977402 0 0 0 0 0 0
0.29277 -0.134318 0.0977402 0 0 0 0 0 0
0.292837 -0.130798 0.0977402 0 0 0 0 0 0
0.292936 -0.125653 0.0977402 0 0 0 0 0 0
0.293 -0.122295 0.0977402 0 0 0 0 0 0
0.293101 -0.116987 0.0977402 0 0 0 0 0 0
0.293162 -0.113792 0.0977402 0 0 0 0 0 0
0.293267 -0.108322 0.0977402 0 0 0 0 0 0
0.293325 -0.105289 0.0977402 0 0 0 0 0 0
0.293369 -0.102989 0.0977402 0 0 0 0 0 0
0.293369 -0.102989 0.0977402 0 0 0 0 0 0
0.293432 -0.0996563 0.0977402 0 0 0 0 0 0
0.293487 -0.0967856 0.0977402 0 0 0 0 0 0
0.293598 -0.0909907 0.0977402 0 0 0 0 0 0
0.293649 -0.0882825 0.0977402 0 0 0 0 0 0
0.293763 -0.0823252 0.0977402 0 0 0 0 0 0
0.293812 -0.0797794 0.0977402 0 0 0 0 0 0
0.293929 -0.0736597 0.0977402 0 0 0 0 0 0
0.293974 -0.0712763 0.0977402 0 0 0 0 0 0
0.294094 -0.0649942 0.0977402 0 0 0 0 0 0
0.294137 -0.0627732 0.0977402 0 0 0 0 0 0
0.29426 -0.0563287 0.0977402 0 0 0 0 0 0
0.294299 -0.0542701 0.0977402 0 0 0 0 0 0
0.294425 -0.0476632 0.0977402 0 0 0 0 0 0
0.294461 -0.045767 0.0977402 0 0 0 0 0 0
0.294591 -0.0389977 0.0977402 0 0 0 0 0 0
0.294624 -0.0372639 0.0977402 0 0 0 0 0 0
0.294693 -0.0336647 0.0977402 0 0 0 0 0 0
0.294693 -0.0336647 0.0977402 0 0 0 0 0 0
0.294756 -0.0303321 0.0977402 0 0 0 0 0 0
0.294786 -0.0287608 0.0977402 0 0 0 0 0 0
0.294922 -0.0216666 0.0977402 0 0 0 0 0 0
0.294949 -0.0202577 0.0977402 0 0 0 0 0 0
0.295087 -0.0130011 0.0977402 0 0 0 0 0 0
0.295111 -0.0117546 0.0977402 0 0 0 0 0 0
0.295253 -0.00433558 0.0977402 0 0 0 0 0 0
0.295274 -0.0032515 0.0977402 0 0 0 0 0 0
0.295418 0.00432998 0.0977402 0 0 0 0 0 0
0.295436 0.00525164 0.0977402 0 0 0 0 0 0
0.295584 0.0129955 0.0977402 0 0 0 0 0 0
0.295598 0.0137547 0.0977402 0 0 0 0 0 0
0.295749 0.021661 0.0977402 0 0 0 0 0 0
0.295761 0.0222578 0.0977402 0 0 0 0 0 0
0.295915 0.0303265 0.0977402 0 0 0 0 0 0
0.295923 0.0307609 0.0977402 0 0 0 0 0 0
0.296017 0.0356594 0.0977402 0 0 0 0 0 0
0.296017 0.0356594 0.0977402 0 0 0 0 0 0
0.295664 0.038992 0.0977402 0 0 0 0 0 0
0.295582 0.039768 0.0977402 0 0 0 0 0 0
0.294746 0.0476575 0.0977402 0 0 0 0 0 0
0.294555 0.0494599 0.0977402 0 0 0 0 0 0
0.293829 0.0563231 0.0977402 0 0 0 0 0 0
0.293529 0.0591517 0.0977402 0 0 0 0 0 0
0.292911 0.0649886 0.0977402 0 0 0 0 0 0
0.292503 0.0688436 0.0977402 0 0 0 0 0 0
0.291993 0.0736541 0.0977402 0 0 0 0 0 0
0.291476 0.0785355 0.0977402 0 0 0 0 0 0
0.291075 0.0823196 0.0977402 0 0 0 0 0 0
0.29045 0.0882274 0.0977402 0 0 0 0 0 0
0.290158 0.0909851 0.0977402 0 0 0 0 0 0
0.289424 0.0979193 0.0977402 0 0 0 0 0 0
0.28924 0.0996506 0.0977402 0 0 0 0 0 0
0.288675 0.104984 0.0977402 0 0 0 0 0 0
0.288675 0.104984 0.0977402 0 0 0 0 0 0
0.288719 0.107289 0.0977402 0 0 0 0 0 0
0.288739 0.108316 0.0977402 0 0 0 0 0 0
0.288882 0.115792 0.0977402 0 0 0 0 0 0
0.288905 0.116982 0.0977402 0 0 0 0 0 0
0.289044 0.124295 0.0977402 0 0 0 0 0 0
0.28907 0.125647 0.0977402 0 0 0 0 0 0
0.289207 0.132798 0.0977402 0 0 0 0 0 0
0.289236 0.134313 0.0977402 0 0 0 0 0 0
0.289369 0.141301 0.0977402 0 0 0 0 0 0
0.289401 0.142978 0.0977402 0 0 0 0 0 0
0.289532 0.149804 0.0977402 0 0 0 0 0 0
0.289567 0.151644 0.0977402 0 0 0 0 0 0
0.289694 0.158307 0.0977402 0 0 0 0 0 0
0.289732 0.160309 0.0977402 0 0 0 0 0 0
0.289856 0.166811 0.0977402 0 0 0 0 0 0
0.289898 0.168975 0.0977402 0 0 0 0 0 0
0.29 0.174308 0.0977402 0 0 0 0 0 0
0.29 0.174308 0.0977402 0 0 0 0 0 0
0.290021 0.175311 0.0977402 0 0 0 0 0 0
0.290072 0.17764 0.0977402 0 0 0 0 0 0
0.290207 0.183791 0.0977402 0 0 0 0 0 0
0.290261 0.186306 0.0977402 0 0 0 0 0 0
0.290392 0.192272 0.0977402 0 0 0 0 0 0
0.290451 0.194971 0.0977402 0 0 0 0 0 0
0.290577 0.200752 0.0977402 0 0 0 0 0 0
0.29064 0.203637 0.0977402 0 0 0 0 0 0
0.290762 0.209233 0.0977402 0 0 0 0 0 0
0.290829 0.212302 0.0977402 0 0 0 0 0 0
0.290947 0.217713 0.0977402 0 0 0 0 0 0
0.291018 0.220968 0.0977402 0 0 0 0 0 0
0.291132 0.226193 0.0977402 0 0 0 0 0 0
0.291207 0.229633 0.0977402 0 0 0 0 0 0
0.291317 0.234674 0.0977402 0 0 0 0 0 0
0.291324 0.234966 0.0977402 0 0 0 0 0 0
0.291324 0.234966 0.0977402 0 0 0 0 0 0
0.291387 0.238299 0.0977402 0 0 0 0 0 0
0.29148 0.243176 0.0977402 0 0 0 0 0 0
0.291553 0.246964 0.0977402 0 0 0 0 0 0
0.291643 0.251679 0.0977402 0 0 0 0 0 0
0.291718 0.25563 0.0977402 0 0 0 0 0 0
0.291805 0.260182 0.0977402 0 0 0 0 0 0
0.291884 0.264295 0.0977402 0 0 0 0 0 0
0.291968 0.268685 0.0977402 0 0 0 0 0 0
0.292049 0.272961 0.0977402 0 0 0 0 0 0
0.29213 0.277188 0.0977402 0 0 0 0 0 0
0.292215 0.281627 0.0977402 0 0 0 0 0 0
0.292293 0.285692 0.0977402 0 0 0 0 0 0
0.29238 0.290292 0.0977402 0 0 0 0 0 0
0.292455 0.294195 0.0977402 0 0 0 0 0 0
0.292546 0.298958 0.0977402 0 0 0 0 0 0
0.292617 0.302698 0.0977402 0 0 0 0 0 0
0.292648 0.30429 0.0977402 0 0 0 0 0 0
0.292648 0.30429 0.0977402 0 0 0 0 0 0
0.292711 0.307623 0.0977402 0 0 0 0 0 0
0.29278 0.311201 0.0977402 0 0 0 0 0 0
0.292877 0.316289 0.0977402 0 0 0 0 0 0
0.292942 0.319704 0.0977402 0 0 0 0 0 0
0.293042 0.324954 0.0977402 0 0 0 0 0 0
0.293105 0.328207 0.0977402 0 0 0 0 0 0
0.293208 0.33362 0.0977402 0 0 0 0 0 0
0.293267 0.33671 0.0977402 0 0 0 0 0 0
0.293374 0.342285 0.0977402 0 0 0 0 0 0
0.293429 0.345213 0.0977402 0 0 0 0 0 0
0.293539 0.350951 0.0977402 0 0 0 0 0 0
0.293592 0.353716 0.0977402 0 0 0 0 0 0
0.293705 0.359616 0.0977402 0 0 0 0 0 0
0.293754 0.36222 0.0977402 0 0 0 0 0 0
0.29387 0.368282 0.0977402 0 0 0 0 0 0
0.293917 0.370723 0.0977402 0 0 0 0 0 0
0.293972 0.373615 0.0977402 0 0 0 0 0 0
0.293972 0.373615 0.0977402 0 0 0 0 0 0
0.294036 0.376947 0.0977402 0 0 0 0 0 0
0.294079 0.379226 0.0977402 0 0 0 0 0 0
0.294201 0.385613 0.0977402 0 0 0 0 0 0
0.294242 0.387729 0.0977402 0 0 0 0 0 0
0.294367 0.394278 0.0977402 0 0 0 0 0 0
0.294404 0.396232 0.0977402 0 0 0 0 0 0
0.294532 0.402944 0.0977402 0 0 0 0 0 0
0.294566 0.404735 0.0977402 0 0 0 0 0 0
0.294698 0.411609 0.0977402 0 0 0 0 0 0
0.294729 0.413238 0.0977402 0 0 0 0 0 0
0.294863 0.420275 0.0977402 0 0 0 0 0 0
0.294891 0.421741 0.0977402 0 0 0 0 0 0
0.295029 0.42894 0.0977402 0 0 0 0 0 0
0.295054 0.430244 0.0977402 0 0 0 0 0 0
0.295194 0.437606 0.0977402 0 0 0 0 0 0
0.295216 0.438747 0.0977402 0 0 0 0 0 0
0.295296 0.442939 0.0977402 0 0 0 0 0 0
