0.287819 -0.000573374 0.0805026 0 0 0 0 0 0
0.291539 -0.000562463 0.0788103 0 0 0 0 0 0
0.294786 -0.000552943 0.0773336 0 0 0 0 0 0
0.296682 -0.000547463 0.0765481 0 0 0 0 0 0
0.299126 -0.000540401 0.0755358 0 0 0 0 0 0
0.302247 -0.000531383 0.074243 0 0 0 0 0 0
0.304688 -0.000524331 0.0732322 0 0 0 0 0 0
0.309538 -0.000510315 0.071223 0 0 0 0 0 0
0.313368 -0.000499249 0.0696366 0 0 0 0 0 0
0.316105 -0.000491341 0.068503 0 0 0 0 0 0
0.318285 -0.000485041 0.0676 0 0 0 0 0 0
0.320215 -0.000479463 0.0668004 0 0 0 0 0 0
0.322625 -0.0004725 0.0658022 0 0 0 0 0 0
0.327106 -0.000459715 0.0641122 0 0 0 0 0 0
0.330729 -0.000449379 0.062746 0 0 0 0 0 0
0.335358 -0.000436362 0.0612155 0 0 0 0 0 0
0.339142 -0.000425725 0.0599647 0 0 0 0 0 0
0.341102 -0.000420238 0.0593467 0 0 0 0 0 0
0.343482 -0.000413576 0.0585961 0 0 0 0 0 0
0.346002 -0.000406522 0.0578016 0 0 0 0 0 0
0.34809 -0.000400677 0.0571431 0 0 0 0 0 0
0.352818 -0.000387444 0.0556524 0 0 0 0 0 0
0.356771 -0.000376379 0.054406 0 0 0 0 0 0
0.361474 -0.000363213 0.0529229 0 0 0 0 0 0
0.365451 -0.000352081 0.0516689 0 0 0 0 0 0
0.368069 -0.00034476 0.0508493 0 0 0 0 0 0
0.370301 -0.000338516 0.0501502 0 0 0 0 0 0
0.372304 -0.000333027 0.0496888 0 0 0 0 0 0
0.374641 -0.000326626 0.0491507 0 0 0 0 0 0
0.379023 -0.000314644 0.0481793 0 0 0 0 0 0
0.382812 -0.000304281 0.0473392 0 0 0 0 0 0
0.387444 -0.000291616 0.0463124 0 0 0 0 0 0
0.391493 -0.000280546 0.0454149 0 0 0 0 0 0
0.396101 -0.000267945 0.0443934 0 0 0 0 0 0
0.400174 -0.00025681 0.0434906 0 0 0 0 0 0
0.403908 -0.000246598 0.0426628 0 0 0 0 0 0
0.407241 -0.000237485 0.041924 0 0 0 0 0 0
0.409295 -0.000231868 0.041469 0 0 0 0 0 0
0.411581 -0.000225618 0.0409627 0 0 0 0 0 0
0.414707 -0.000217173 0.0404754 0 0 0 0 0 0
0.417535 -0.000209532 0.0400345 0 0 0 0 0 0
0.422072 -0.000197314 0.0394371 0 0 0 0 0 0
0.426215 -0.000186159 0.0388917 0 0 0 0 0 0
0.43073 -0.000174004 0.0382974 0 0 0 0 0 0
0.434896 -0.000162786 0.0377489 0 0 0 0 0 0
0.439387 -0.000150693 0.0371576 0 0 0 0 0 0
0.443576 -0.000139413 0.0366061 0 0 0 0 0 0
0.448044 -0.000127384 0.0360219 0 0 0 0 0 0
0.452257 -0.000116042 0.035471 0 0 0 0 0 0
0.456701 -0.000104133 0.0350853 0 0 0 0 0 0
0.460938 -9.27816e-05 0.0347178 0 0 0 0 0 0
0.465359 -8.09675e-05 0.0345247 0 0 0 0 0 0
0.469618 -6.95861e-05 0.0343387 0 0 0 0 0 0
0.474016 -5.78339e-05 0.0341466 0 0 0 0 0 0
0.478299 -4.63908e-05 0.0339596 0 0 0 0 0 0
0.482674 -3.47003e-05 0.0337686 0 0 0 0 0 0
0.486979 -2.31953e-05 0.0335805 0 0 0 0 0 0
0.491331 -1.15667e-05 0.0333905 0 0 0 0 0 0
0.49566 0 0.0332015 0 0 0 0 0 0
0.49566 0 0.0332015 0 0 0 0 0 0
0.49566 1.73472e-18 0.0332015 0 0 0 0 0 0
0.499989 1.11133e-05 0.0332015 0 0 0 0 0 0
0.50434 2.22836e-05 0.0332015 0 0 0 0 0 0
0.508647 3.33502e-05 0.0333895 0 0 0 0 0 0
0.513021 4.45883e-05 0.0335805 0 0 0 0 0 0
0.517306 5.55978e-05 0.0337677 0 0 0 0 0 0
0.521701 6.68931e-05 0.0339596 0 0 0 0 0 0
0.525964 7.78454e-05 0.0341458 0 0 0 0 0 0
0.530382 8.91978e-05 0.0343387 0 0 0 0 0 0
0.534622 0.000100093 0.0345239 0 0 0 0 0 0
0.539062 0.000111503 0.0347178 0 0 0 0 0 0
0.54328 0.000122371 0.0350838 0 0 0 0 0 0
0.547743 0.00013387 0.0354711 0 0 0 0 0 0
0.551939 0.000144732 0.0360197 0 0 0 0 0 0
0.556424 0.000156343 0.0366062 0 0 0 0 0 0
0.560597 0.000167148 0.0371556 0 0 0 0 0 0
0.565104 0.000178819 0.0377491 0 0 0 0 0 0
0.569255 0.000189566 0.0382955 0 0 0 0 0 0
0.573785 0.000201295 0.0388919 0 0 0 0 0 0
0.577913 0.000211984 0.0394353 0 0 0 0 0 0
0.582465 0.000223771 0.0400347 0 0 0 0 0 0
0.585283 0.000231092 0.040474 0 0 0 0 0 0
0.588418 0.000239237 0.0409628 0 0 0 0 0 0
0.590711 0.000245265 0.0414706 0 0 0 0 0 0
0.592759 0.000250649 0.0419241 0 0 0 0 0 0
0.596081 0.000259385 0.0426607 0 0 0 0 0 0
0.599826 0.000269233 0.0434908 0 0 0 0 0 0
0.603887 0.000279909 0.0443909 0 0 0 0 0 0
0.608507 0.000292057 0.0454152 0 0 0 0 0 0
0.612545 0.000302674 0.0463102 0 0 0 0 0 0
0.617188 0.000314882 0.0473394 0 0 0 0 0 0
0.620967 0.00032482 0.0481773 0 0 0 0 0 0
0.625359 0.000336367 0.0491508 0 0 0 0 0 0
0.6277 0.000342535 0.04969 0 0 0 0 0 0
0.629699 0.0003478 0.0501503 0 0 0 0 0 0
0.631926 0.000353791 0.0508479 0 0 0 0 0 0
0.634549 0.000360846 0.0516692 0 0 0 0 0 0
0.638517 0.000371528 0.0529206 0 0 0 0 0 0
0.643229 0.000384211 0.0544064 0 0 0 0 0 0
0.647175 0.000394831 0.0556505 0 0 0 0 0 0
0.65191 0.000407576 0.0571435 0 0 0 0 0 0
0.653994 0.000413186 0.0578008 0 0 0 0 0 0
0.656517 0.000419978 0.0585963 0 0 0 0 0 0
0.658901 0.000426393 0.0593478 0 0 0 0 0 0
0.660857 0.00043166 0.0599648 0 0 0 0 0 0
0.664636 0.000441876 0.061214 0 0 0 0 0 0
0.669271 0.000454407 0.0627463 0 0 0 0 0 0
0.672889 0.000464334 0.0641109 0 0 0 0 0 0
0.677374 0.00047664 0.0658023 0 0 0 0 0 0
0.679786 0.000483341 0.0668013 0 0 0 0 0 0
0.681715 0.0004887 0.0676001 0 0 0 0 0 0
0.683893 0.000494752 0.0685024 0 0 0 0 0 0
0.686632 0.000502363 0.0696369 0 0 0 0 0 0
0.690459 0.000512997 0.0712223 0 0 0 0 0 0
0.695312 0.000526482 0.0732326 0 0 0 0 0 0
0.697751 0.000533259 0.0742428 0 0 0 0 0 0
0.700873 0.000541934 0.075536 0 0 0 0 0 0
0.703318 0.000548726 0.0765486 0 0 0 0 0 0
0.705214 0.000553994 0.0773339 0 0 0 0 0 0
0.70846 0.000563148 0.0788104 0 0 0 0 0 0
0.712181 0.000573641 0.080503 0 0 0 0 0 0
