0.250000 -0.498512 0.104774 -0.302077 0.000000 0.000000
0.285761 -0.498512 0.104774 -0.302077 0.000000 0.000000
0.321521 -0.498512 0.104774 -0.302077 0.000000 0.000000
0.357282 -0.498512 0.104774 -0.302077 0.000000 0.000000
0.393043 -0.498512 0.104774 -0.302077 0.000000 0.000000
0.428803 -0.498512 0.104774 -0.302077 0.000000 0.000000
0.464564 -0.498512 0.104774 -0.302077 0.000000 0.000000
0.500325 -0.498512 0.104774 -0.302077 0.000000 0.000000
0.536085 -0.498512 0.104774 -0.302077 0.000000 0.000000
0.571846 -0.498512 0.104774 -0.302077 0.000000 0.000000
0.607607 -0.498512 0.104774 -0.302077 0.000000 0.000000
0.643367 -0.498512 0.104774 -0.302077 0.000000 0.000000
0.679128 -0.498512 0.104774 -0.302077 0.000000 0.000000
0.714889 -0.498512 0.104774 -0.302077 0.000000 0.000000
0.714889 -0.462752 0.093630 -0.302077 0.000000 0.000000
0.679128 -0.462752 0.093630 -0.302077 0.000000 0.000000
0.643367 -0.462752 0.093630 -0.302077 0.000000 0.000000
0.607607 -0.462752 0.093630 -0.302077 0.000000 0.000000
0.571846 -0.462752 0.093630 -0.302077 0.000000 0.000000
0.536085 -0.462752 0.093630 -0.302077 0.000000 0.000000
0.500325 -0.462752 0.093630 -0.302077 0.000000 0.000000
0.464564 -0.462752 0.093630 -0.302077 0.000000 0.000000
0.428803 -0.462752 0.093630 -0.302077 0.000000 0.000000
0.393043 -0.462752 0.093630 -0.302077 0.000000 0.000000
0.357282 -0.462752 0.093630 -0.302077 0.000000 0.000000
0.321521 -0.462752 0.093630 -0.302077 0.000000 0.000000
0.285761 -0.462752 0.093630 -0.302077 0.000000 0.000000
0.250000 -0.462752 0.093630 -0.302077 0.000000 0.000000
0.250000 -0.427356 0.084001 -0.226558 0.000000 0.000000
0.285761 -0.427356 0.084001 -0.226558 0.000000 0.000000
0.321521 -0.427356 0.084001 -0.226558 0.000000 0.000000
0.357282 -0.427356 0.084001 -0.226558 0.000000 0.000000
0.393043 -0.427356 0.084001 -0.226558 0.000000 0.000000
0.428803 -0.427356 0.084001 -0.226558 0.000000 0.000000
0.464564 -0.427356 0.084001 -0.226558 0.000000 0.000000
0.500325 -0.427356 0.084001 -0.226558 0.000000 0.000000
0.536085 -0.427356 0.084001 -0.226558 0.000000 0.000000
0.571846 -0.427356 0.084001 -0.226558 0.000000 0.000000
0.607607 -0.427356 0.084001 -0.226558 0.000000 0.000000
0.643367 -0.427356 0.084001 -0.226558 0.000000 0.000000
0.679128 -0.427356 0.084001 -0.226558 0.000000 0.000000
0.714889 -0.427356 0.084001 -0.226558 0.000000 0.000000
0.714889 -0.391595 0.075758 -0.226558 0.000000 0.000000
0.679128 -0.391595 0.075758 -0.226558 0.000000 0.000000
0.643367 -0.391595 0.075758 -0.226558 0.000000 0.000000
0.607607 -0.391595 0.075758 -0.226558 0.000000 0.000000
0.571846 -0.391595 0.075758 -0.226558 0.000000 0.000000
0.536085 -0.391595 0.075758 -0.226558 0.000000 0.000000
0.500325 -0.391595 0.075758 -0.226558 0.000000 0.000000
0.464564 -0.391595 0.075758 -0.226558 0.000000 0.000000
0.428803 -0.391595 0.075758 -0.226558 0.000000 0.000000
0.393043 -0.391595 0.075758 -0.226558 0.000000 0.000000
0.357282 -0.391595 0.075758 -0.226558 0.000000 0.000000
0.321521 -0.391595 0.075758 -0.226558 0.000000 0.000000
0.285761 -0.391595 0.075758 -0.226558 0.000000 0.000000
0.250000 -0.391595 0.075758 -0.226558 0.000000 0.000000
0.250000 -0.356205 0.070232 -0.151039 0.000000 0.000000
0.285761 -0.356205 0.070232 -0.151039 0.000000 0.000000
0.321521 -0.356205 0.070232 -0.151039 0.000000 0.000000
0.357282 -0.356205 0.070232 -0.151039 0.000000 0.000000
0.393043 -0.356205 0.070232 -0.151039 0.000000 0.000000
0.428803 -0.356205 0.070232 -0.151039 0.000000 0.000000
0.464564 -0.356205 0.070232 -0.151039 0.000000 0.000000
0.500325 -0.356205 0.070232 -0.151039 0.000000 0.000000
0.536085 -0.356205 0.070232 -0.151039 0.000000 0.000000
0.571846 -0.356205 0.070232 -0.151039 0.000000 0.000000
0.607607 -0.356205 0.070232 -0.151039 0.000000 0.000000
0.643367 -0.356205 0.070232 -0.151039 0.000000 0.000000
0.679128 -0.356205 0.070232 -0.151039 0.000000 0.000000
0.714889 -0.356205 0.070232 -0.151039 0.000000 0.000000
0.714889 -0.320819 0.065872 -0.075519 0.000000 0.000000
0.679128 -0.320819 0.065872 -0.075519 0.000000 0.000000
0.643367 -0.320819 0.065872 -0.075519 0.000000 0.000000
0.607607 -0.320819 0.065872 -0.075519 0.000000 0.000000
0.571846 -0.320819 0.065872 -0.075519 0.000000 0.000000
0.536085 -0.320819 0.065872 -0.075519 0.000000 0.000000
0.500325 -0.320819 0.065872 -0.075519 0.000000 0.000000
0.464564 -0.320819 0.065872 -0.075519 0.000000 0.000000
0.428803 -0.320819 0.065872 -0.075519 0.000000 0.000000
0.393043 -0.320819 0.065872 -0.075519 0.000000 0.000000
0.357282 -0.320819 0.065872 -0.075519 0.000000 0.000000
0.321521 -0.320819 0.065872 -0.075519 0.000000 0.000000
0.285761 -0.320819 0.065872 -0.075519 0.000000 0.000000
0.250000 -0.320819 0.065872 -0.075519 0.000000 0.000000
0.250000 -0.285059 0.063166 -0.075519 0.000000 0.000000
0.285761 -0.285059 0.063166 -0.075519 0.000000 0.000000
0.321521 -0.285059 0.063166 -0.075519 0.000000 0.000000
0.357282 -0.285059 0.063166 -0.075519 0.000000 0.000000
0.393043 -0.285059 0.063166 -0.075519 0.000000 0.000000
0.428803 -0.285059 0.063166 -0.075519 0.000000 0.000000
0.464564 -0.285059 0.063166 -0.075519 0.000000 0.000000
0.500325 -0.285059 0.063166 -0.075519 0.000000 0.000000
0.536085 -0.285059 0.063166 -0.075519 0.000000 0.000000
0.571846 -0.285059 0.063166 -0.075519 0.000000 0.000000
0.607607 -0.285059 0.063166 -0.075519 0.000000 0.000000
0.643367 -0.285059 0.063166 -0.075519 0.000000 0.000000
0.679128 -0.285059 0.063166 -0.075519 0.000000 0.000000
0.714889 -0.285059 0.063166 -0.075519 0.000000 0.000000
0.714889 -0.249675 0.062641 0.000000 -0.000000 0.000000
0.679128 -0.249675 0.062641 0.000000 -0.000000 0.000000
0.643367 -0.249675 0.062641 0.000000 -0.000000 0.000000
0.607607 -0.249675 0.062641 0.000000 -0.000000 0.000000
0.571846 -0.249675 0.062641 0.000000 -0.000000 0.000000
0.536085 -0.249675 0.062641 0.000000 -0.000000 0.000000
0.500325 -0.249675 0.062641 0.000000 -0.000000 0.000000
0.464564 -0.249675 0.062641 0.000000 0.000000 0.000000
0.428803 -0.249675 0.062641 0.000000 0.000000 0.000000
0.393043 -0.249675 0.062641 0.000000 0.000000 0.000000
0.357282 -0.249675 0.062641 0.000000 0.000000 0.000000
0.321521 -0.249675 0.062641 0.000000 0.000000 0.000000
0.285761 -0.249675 0.062641 0.000000 0.000000 0.000000
0.250000 -0.249675 0.062641 0.000000 0.000000 0.000000
0.250000 -0.214292 0.063215 0.075519 0.000000 0.000000
0.285761 -0.214292 0.063215 0.075519 0.000000 0.000000
0.321521 -0.214292 0.063215 0.075519 0.000000 0.000000
0.357282 -0.214292 0.063215 0.075519 0.000000 0.000000
0.393043 -0.214292 0.063215 0.075519 0.000000 0.000000
0.428803 -0.214292 0.063215 0.075519 0.000000 0.000000
0.464564 -0.214292 0.063215 0.075519 0.000000 0.000000
0.500325 -0.214292 0.063215 0.075519 0.000000 0.000000
0.536085 -0.214292 0.063215 0.075519 0.000000 0.000000
0.571846 -0.214292 0.063215 0.075519 0.000000 0.000000
0.607607 -0.214292 0.063215 0.075519 0.000000 0.000000
0.643367 -0.214292 0.063215 0.075519 0.000000 0.000000
0.679128 -0.214292 0.063215 0.075519 0.000000 0.000000
0.714889 -0.214292 0.063215 0.075519 0.000000 0.000000
0.714889 -0.178531 0.065921 0.075519 0.000000 0.000000
0.679128 -0.178531 0.065921 0.075519 0.000000 0.000000
0.643367 -0.178531 0.065921 0.075519 0.000000 0.000000
0.607607 -0.178531 0.065921 0.075519 0.000000 0.000000
0.571846 -0.178531 0.065921 0.075519 0.000000 0.000000
0.536085 -0.178531 0.065921 0.075519 0.000000 0.000000
0.500325 -0.178531 0.065921 0.075519 0.000000 0.000000
0.464564 -0.178531 0.065921 0.075519 0.000000 0.000000
0.428803 -0.178531 0.065921 0.075519 0.000000 0.000000
0.393043 -0.178531 0.065921 0.075519 0.000000 0.000000
0.357282 -0.178531 0.065921 0.075519 0.000000 0.000000
0.321521 -0.178531 0.065921 0.075519 0.000000 0.000000
0.285761 -0.178531 0.065921 0.075519 0.000000 0.000000
0.250000 -0.178531 0.065921 0.075519 0.000000 0.000000
0.250000 -0.143146 0.070331 0.151039 0.000000 0.000000
0.285761 -0.143146 0.070331 0.151039 0.000000 0.000000
0.321521 -0.143146 0.070331 0.151039 0.000000 0.000000
0.357282 -0.143146 0.070331 0.151039 0.000000 0.000000
0.393043 -0.143146 0.070331 0.151039 0.000000 0.000000
0.428803 -0.143146 0.070331 0.151039 0.000000 0.000000
0.464564 -0.143146 0.070331 0.151039 0.000000 0.000000
0.500325 -0.143146 0.070331 0.151039 0.000000 0.000000
0.536085 -0.143146 0.070331 0.151039 0.000000 0.000000
0.571846 -0.143146 0.070331 0.151039 0.000000 0.000000
0.607607 -0.143146 0.070331 0.151039 0.000000 0.000000
0.643367 -0.143146 0.070331 0.151039 0.000000 0.000000
0.679128 -0.143146 0.070331 0.151039 0.000000 0.000000
0.714889 -0.143146 0.070331 0.151039 0.000000 0.000000
0.714889 -0.107756 0.075907 0.226558 0.000000 0.000000
0.679128 -0.107756 0.075907 0.226558 0.000000 0.000000
0.643367 -0.107756 0.075907 0.226558 0.000000 0.000000
0.607607 -0.107756 0.075907 0.226558 0.000000 0.000000
0.571846 -0.107756 0.075907 0.226558 0.000000 0.000000
0.536085 -0.107756 0.075907 0.226558 0.000000 0.000000
0.500325 -0.107756 0.075907 0.226558 0.000000 0.000000
0.464564 -0.107756 0.075907 0.226558 0.000000 0.000000
0.428803 -0.107756 0.075907 0.226558 0.000000 0.000000
0.393043 -0.107756 0.075907 0.226558 0.000000 0.000000
0.357282 -0.107756 0.075907 0.226558 0.000000 0.000000
0.321521 -0.107756 0.075907 0.226558 0.000000 0.000000
0.285761 -0.107756 0.075907 0.226558 0.000000 0.000000
0.250000 -0.107756 0.075907 0.226558 0.000000 0.000000
0.250000 -0.071995 0.084151 0.226558 0.000000 0.000000
0.285761 -0.071995 0.084151 0.226558 0.000000 0.000000
0.321521 -0.071995 0.084151 0.226558 0.000000 0.000000
0.357282 -0.071995 0.084151 0.226558 0.000000 0.000000
0.393043 -0.071995 0.084151 0.226558 0.000000 0.000000
0.428803 -0.071995 0.084151 0.226558 0.000000 0.000000
0.464564 -0.071995 0.084151 0.226558 0.000000 0.000000
0.500325 -0.071995 0.084151 0.226558 0.000000 0.000000
0.536085 -0.071995 0.084151 0.226558 0.000000 0.000000
0.571846 -0.071995 0.084151 0.226558 0.000000 0.000000
0.607607 -0.071995 0.084151 0.226558 0.000000 0.000000
0.643367 -0.071995 0.084151 0.226558 0.000000 0.000000
0.679128 -0.071995 0.084151 0.226558 0.000000 0.000000
0.714889 -0.071995 0.084151 0.226558 0.000000 0.000000
0.714889 -0.036599 0.093832 0.302077 0.000000 0.000000
0.679128 -0.036599 0.093832 0.302077 0.000000 0.000000
0.643367 -0.036599 0.093832 0.302077 0.000000 0.000000
0.607607 -0.036599 0.093832 0.302077 0.000000 0.000000
0.571846 -0.036599 0.093832 0.302077 0.000000 0.000000
0.536085 -0.036599 0.093832 0.302077 0.000000 0.000000
0.500325 -0.036599 0.093832 0.302077 0.000000 0.000000
0.464564 -0.036599 0.093832 0.302077 0.000000 0.000000
0.428803 -0.036599 0.093832 0.302077 0.000000 0.000000
0.393043 -0.036599 0.093832 0.302077 0.000000 0.000000
0.357282 -0.036599 0.093832 0.302077 0.000000 0.000000
0.321521 -0.036599 0.093832 0.302077 0.000000 0.000000
0.285761 -0.036599 0.093832 0.302077 0.000000 0.000000
0.250000 -0.036599 0.093832 0.302077 0.000000 0.000000
0.250000 -0.000838 0.104976 0.302077 0.000000 0.000000
0.285761 -0.000838 0.104976 0.302077 0.000000 0.000000
0.321521 -0.000838 0.104976 0.302077 0.000000 0.000000
0.357282 -0.000838 0.104976 0.302077 0.000000 0.000000
0.393043 -0.000838 0.104976 0.302077 0.000000 0.000000
0.428803 -0.000838 0.104976 0.302077 0.000000 0.000000
0.464564 -0.000838 0.104976 0.302077 0.000000 0.000000
0.500325 -0.000838 0.104976 0.302077 0.000000 0.000000
0.536085 -0.000838 0.104976 0.302077 0.000000 0.000000
0.571846 -0.000838 0.104976 0.302077 0.000000 0.000000
0.607607 -0.000838 0.104976 0.302077 0.000000 0.000000
0.643367 -0.000838 0.104976 0.302077 0.000000 0.000000
0.679128 -0.000838 0.104976 0.302077 0.000000 0.000000
0.714889 -0.000838 0.104976 0.302077 0.000000 0.000000
0.714889 0.034922 0.116119 0.302077 0.000000 0.000000
0.679128 0.034922 0.116119 0.302077 0.000000 0.000000
0.643367 0.034922 0.116119 0.302077 0.000000 0.000000
0.607607 0.034922 0.116119 0.302077 0.000000 0.000000
0.571846 0.034922 0.116119 0.302077 0.000000 0.000000
0.536085 0.034922 0.116119 0.302077 0.000000 0.000000
0.500325 0.034922 0.116119 0.302077 0.000000 0.000000
0.464564 0.034922 0.116119 0.302077 0.000000 0.000000
0.428803 0.034922 0.116119 0.302077 0.000000 0.000000
0.393043 0.034922 0.116119 0.302077 0.000000 0.000000
0.357282 0.034922 0.116119 0.302077 0.000000 0.000000
0.321521 0.034922 0.116119 0.302077 0.000000 0.000000
0.285761 0.034922 0.116119 0.302077 0.000000 0.000000
0.250000 0.034922 0.116119 0.302077 0.000000 0.000000
0.250000 0.071047 0.125893 0.226558 0.000000 0.000000
0.285761 0.071047 0.125893 0.226558 0.000000 0.000000
0.321521 0.071047 0.125893 0.226558 0.000000 0.000000
0.357282 0.071047 0.125893 0.226558 0.000000 0.000000
0.393043 0.071047 0.125893 0.226558 0.000000 0.000000
0.428803 0.071047 0.125893 0.226558 0.000000 0.000000
0.464564 0.071047 0.125893 0.226558 0.000000 0.000000
0.500325 0.071047 0.125893 0.226558 0.000000 0.000000
0.536085 0.071047 0.125893 0.226558 0.000000 0.000000
0.571846 0.071047 0.125893 0.226558 0.000000 0.000000
0.607607 0.071047 0.125893 0.226558 0.000000 0.000000
0.643367 0.071047 0.125893 0.226558 0.000000 0.000000
0.679128 0.071047 0.125893 0.226558 0.000000 0.000000
0.714889 0.071047 0.125893 0.226558 0.000000 0.000000
0.714889 0.106808 0.134136 0.226558 0.000000 0.000000
0.679128 0.106808 0.134136 0.226558 0.000000 0.000000
0.643367 0.106808 0.134136 0.226558 0.000000 0.000000
0.607607 0.106808 0.134136 0.226558 0.000000 0.000000
0.571846 0.106808 0.134136 0.226558 0.000000 0.000000
0.536085 0.106808 0.134136 0.226558 0.000000 0.000000
0.500325 0.106808 0.134136 0.226558 0.000000 0.000000
0.464564 0.106808 0.134136 0.226558 0.000000 0.000000
0.428803 0.106808 0.134136 0.226558 0.000000 0.000000
0.393043 0.106808 0.134136 0.226558 0.000000 0.000000
0.357282 0.106808 0.134136 0.226558 0.000000 0.000000
0.321521 0.106808 0.134136 0.226558 0.000000 0.000000
0.285761 0.106808 0.134136 0.226558 0.000000 0.000000
0.250000 0.106808 0.134136 0.226558 0.000000 0.000000
0.250000 0.142940 0.139753 0.151039 0.000000 0.000000
0.285761 0.142940 0.139753 0.151039 0.000000 0.000000
0.321521 0.142940 0.139753 0.151039 0.000000 0.000000
0.357282 0.142940 0.139753 0.151039 0.000000 0.000000
0.393043 0.142940 0.139753 0.151039 0.000000 0.000000
0.428803 0.142940 0.139753 0.151039 0.000000 0.000000
0.464564 0.142940 0.139753 0.151039 0.000000 0.000000
0.500325 0.142940 0.139753 0.151039 0.000000 0.000000
0.536085 0.142940 0.139753 0.151039 0.000000 0.000000
0.571846 0.142940 0.139753 0.151039 0.000000 0.000000
0.607607 0.142940 0.139753 0.151039 0.000000 0.000000
0.643367 0.142940 0.139753 0.151039 0.000000 0.000000
0.679128 0.142940 0.139753 0.151039 0.000000 0.000000
0.714889 0.142940 0.139753 0.151039 0.000000 0.000000
0.714889 0.179075 0.144149 0.075519 0.000000 0.000000
0.679128 0.179075 0.144149 0.075519 0.000000 0.000000
0.643367 0.179075 0.144149 0.075519 0.000000 0.000000
0.607607 0.179075 0.144149 0.075519 0.000000 0.000000
0.571846 0.179075 0.144149 0.075519 0.000000 0.000000
0.536085 0.179075 0.144149 0.075519 0.000000 0.000000
0.500325 0.179075 0.144149 0.075519 0.000000 0.000000
0.464564 0.179075 0.144149 0.075519 0.000000 0.000000
0.428803 0.179075 0.144149 0.075519 0.000000 0.000000
0.393043 0.179075 0.144149 0.075519 0.000000 0.000000
0.357282 0.179075 0.144149 0.075519 0.000000 0.000000
0.321521 0.179075 0.144149 0.075519 0.000000 0.000000
0.285761 0.179075 0.144149 0.075519 0.000000 0.000000
0.250000 0.179075 0.144149 0.075519 0.000000 0.000000
0.250000 0.214836 0.146855 0.075519 0.000000 0.000000
0.285761 0.214836 0.146855 0.075519 0.000000 0.000000
0.321521 0.214836 0.146855 0.075519 0.000000 0.000000
0.357282 0.214836 0.146855 0.075519 0.000000 0.000000
0.393043 0.214836 0.146855 0.075519 0.000000 0.000000
0.428803 0.214836 0.146855 0.075519 0.000000 0.000000
0.464564 0.214836 0.146855 0.075519 0.000000 0.000000
0.500325 0.214836 0.146855 0.075519 0.000000 0.000000
0.536085 0.214836 0.146855 0.075519 0.000000 0.000000
0.571846 0.214836 0.146855 0.075519 0.000000 0.000000
0.607607 0.214836 0.146855 0.075519 0.000000 0.000000
0.643367 0.214836 0.146855 0.075519 0.000000 0.000000
0.679128 0.214836 0.146855 0.075519 0.000000 0.000000
0.714889 0.214836 0.146855 0.075519 0.000000 0.000000
0.714889 0.250974 0.147359 0.000000 -0.000000 0.000000
0.679128 0.250974 0.147359 0.000000 -0.000000 0.000000
0.643367 0.250974 0.147359 0.000000 -0.000000 0.000000
0.607607 0.250974 0.147359 0.000000 -0.000000 0.000000
0.571846 0.250974 0.147359 0.000000 -0.000000 0.000000
0.536085 0.250974 0.147359 0.000000 -0.000000 0.000000
0.500325 0.250974 0.147359 0.000000 -0.000000 0.000000
0.464564 0.250974 0.147359 0.000000 0.000000 0.000000
0.428803 0.250974 0.147359 0.000000 0.000000 0.000000
0.393043 0.250974 0.147359 0.000000 0.000000 0.000000
0.357282 0.250974 0.147359 0.000000 0.000000 0.000000
0.321521 0.250974 0.147359 0.000000 0.000000 0.000000
0.285761 0.250974 0.147359 0.000000 0.000000 0.000000
0.250000 0.250974 0.147359 0.000000 0.000000 0.000000
0.250000 0.287112 0.146707 -0.075519 0.000000 0.000000
0.285761 0.287112 0.146707 -0.075519 0.000000 0.000000
0.321521 0.287112 0.146707 -0.075519 0.000000 0.000000
0.357282 0.287112 0.146707 -0.075519 0.000000 0.000000
0.393043 0.287112 0.146707 -0.075519 0.000000 0.000000
0.428803 0.287112 0.146707 -0.075519 0.000000 0.000000
0.464564 0.287112 0.146707 -0.075519 0.000000 0.000000
0.500325 0.287112 0.146707 -0.075519 0.000000 0.000000
0.536085 0.287112 0.146707 -0.075519 0.000000 0.000000
0.571846 0.287112 0.146707 -0.075519 0.000000 0.000000
0.607607 0.287112 0.146707 -0.075519 0.000000 0.000000
0.643367 0.287112 0.146707 -0.075519 0.000000 0.000000
0.679128 0.287112 0.146707 -0.075519 0.000000 0.000000
0.714889 0.287112 0.146707 -0.075519 0.000000 0.000000
0.714889 0.322872 0.144001 -0.075519 0.000000 0.000000
0.679128 0.322872 0.144001 -0.075519 0.000000 0.000000
0.643367 0.322872 0.144001 -0.075519 0.000000 0.000000
0.607607 0.322872 0.144001 -0.075519 0.000000 0.000000
0.571846 0.322872 0.144001 -0.075519 0.000000 0.000000
0.536085 0.322872 0.144001 -0.075519 0.000000 0.000000
0.500325 0.322872 0.144001 -0.075519 0.000000 0.000000
0.464564 0.322872 0.144001 -0.075519 0.000000 0.000000
0.428803 0.322872 0.144001 -0.075519 0.000000 0.000000
0.393043 0.322872 0.144001 -0.075519 0.000000 0.000000
0.357282 0.322872 0.144001 -0.075519 0.000000 0.000000
0.321521 0.322872 0.144001 -0.075519 0.000000 0.000000
0.285761 0.322872 0.144001 -0.075519 0.000000 0.000000
0.250000 0.322872 0.144001 -0.075519 0.000000 0.000000
0.250000 0.359008 0.139456 -0.151039 0.000000 0.000000
0.285761 0.359008 0.139456 -0.151039 0.000000 0.000000
0.321521 0.359008 0.139456 -0.151039 0.000000 0.000000
0.357282 0.359008 0.139456 -0.151039 0.000000 0.000000
0.393043 0.359008 0.139456 -0.151039 0.000000 0.000000
0.428803 0.359008 0.139456 -0.151039 0.000000 0.000000
0.464564 0.359008 0.139456 -0.151039 0.000000 0.000000
0.500325 0.359008 0.139456 -0.151039 0.000000 0.000000
0.536085 0.359008 0.139456 -0.151039 0.000000 0.000000
0.571846 0.359008 0.139456 -0.151039 0.000000 0.000000
0.607607 0.359008 0.139456 -0.151039 0.000000 0.000000
0.643367 0.359008 0.139456 -0.151039 0.000000 0.000000
0.679128 0.359008 0.139456 -0.151039 0.000000 0.000000
0.714889 0.359008 0.139456 -0.151039 0.000000 0.000000
0.714889 0.395140 0.133687 -0.226558 0.000000 0.000000
0.679128 0.395140 0.133687 -0.226558 0.000000 0.000000
0.643367 0.395140 0.133687 -0.226558 0.000000 0.000000
0.607607 0.395140 0.133687 -0.226558 0.000000 0.000000
0.571846 0.395140 0.133687 -0.226558 0.000000 0.000000
0.536085 0.395140 0.133687 -0.226558 0.000000 0.000000
0.500325 0.395140 0.133687 -0.226558 0.000000 0.000000
0.464564 0.395140 0.133687 -0.226558 0.000000 0.000000
0.428803 0.395140 0.133687 -0.226558 0.000000 0.000000
0.393043 0.395140 0.133687 -0.226558 0.000000 0.000000
0.357282 0.395140 0.133687 -0.226558 0.000000 0.000000
0.321521 0.395140 0.133687 -0.226558 0.000000 0.000000
0.285761 0.395140 0.133687 -0.226558 0.000000 0.000000
0.250000 0.395140 0.133687 -0.226558 0.000000 0.000000
0.250000 0.430900 0.125444 -0.226558 0.000000 0.000000
0.285761 0.430900 0.125444 -0.226558 0.000000 0.000000
0.321521 0.430900 0.125444 -0.226558 0.000000 0.000000
0.357282 0.430900 0.125444 -0.226558 0.000000 0.000000
0.393043 0.430900 0.125444 -0.226558 0.000000 0.000000
0.428803 0.430900 0.125444 -0.226558 0.000000 0.000000
0.464564 0.430900 0.125444 -0.226558 0.000000 0.000000
0.500325 0.430900 0.125444 -0.226558 0.000000 0.000000
0.536085 0.430900 0.125444 -0.226558 0.000000 0.000000
0.571846 0.430900 0.125444 -0.226558 0.000000 0.000000
0.607607 0.430900 0.125444 -0.226558 0.000000 0.000000
0.643367 0.430900 0.125444 -0.226558 0.000000 0.000000
0.679128 0.430900 0.125444 -0.226558 0.000000 0.000000
0.714889 0.430900 0.125444 -0.226558 0.000000 0.000000
0.714889 0.467025 0.115512 -0.302077 0.000000 0.000000
0.679128 0.467025 0.115512 -0.302077 0.000000 0.000000
0.643367 0.467025 0.115512 -0.302077 0.000000 0.000000
0.607607 0.467025 0.115512 -0.302077 0.000000 0.000000
0.571846 0.467025 0.115512 -0.302077 0.000000 0.000000
0.536085 0.467025 0.115512 -0.302077 0.000000 0.000000
0.500325 0.467025 0.115512 -0.302077 0.000000 0.000000
0.464564 0.467025 0.115512 -0.302077 0.000000 0.000000
0.428803 0.467025 0.115512 -0.302077 0.000000 0.000000
0.393043 0.467025 0.115512 -0.302077 0.000000 0.000000
0.357282 0.467025 0.115512 -0.302077 0.000000 0.000000
0.321521 0.467025 0.115512 -0.302077 0.000000 0.000000
0.285761 0.467025 0.115512 -0.302077 0.000000 0.000000
0.250000 0.467025 0.115512 -0.302077 0.000000 0.000000