t_s	vx_mm_s	vy_mm_s	vz_mm_s
0.010459	0.163809	-18.114698	-10.026414
0.030426	0.163809	-18.114698	-10.026414
0.050478	0.748536	-8.713993	-3.317642
0.070421	0.779467	-11.782183	-6.098664
0.090422	-2.312062	-13.143564	-8.446947
0.110423	-1.258379	-15.684871	-10.599940
0.130424	0.082117	-15.073611	-7.243060
0.150428	-0.245428	-15.215734	-9.994156
0.170447	2.766257	-7.808813	-1.554801
0.190428	-2.693605	-10.281886	-8.444808
0.210422	2.100021	-14.158761	-5.475204
0.230464	-3.034916	-19.436054	-12.322840
0.250454	0.377779	-8.888316	-6.072880
0.270443	0.703972	-11.760299	-6.072503
0.290446	0.367976	-8.884014	-6.067421
0.310430	0.001659	-15.091503	-7.232333
0.330435	-2.083938	-19.014012	-11.172182
0.350423	-1.386991	-15.695936	-10.579741
0.370421	-0.373732	-9.206082	-3.909620
0.390463	0.336397	-8.868582	-6.049361
0.410430	2.018795	-14.187448	-5.471423
0.430492	-0.382089	-15.177914	-9.935708
0.450421	-2.475585	-13.180449	-8.439866
0.470422	0.313331	-8.889447	-6.057365
0.490422	1.666049	-11.298642	-5.457536
0.510448	-1.131548	-15.521328	-7.795412
0.530488	-0.120358	-18.059956	-9.935410
0.550435	-1.492975	-15.728208	-10.579460
0.570423	0.614055	-8.751741	-3.302265
0.590453	0.277177	-8.879568	-6.041343
0.610425	-1.517980	-15.709012	-10.560601
0.630452	-0.029751	-16.249246	-9.930070
0.650450	0.898857	-11.617751	-3.296516
0.670424	0.253832	-8.906695	-6.053564
0.690420	0.552533	-11.766950	-6.046172
0.710449	-1.564043	-15.663843	-10.519586
0.730435	-0.236326	-18.114166	-9.940722
0.750423	-0.550246	-15.241303	-9.936006
0.770424	0.560770	-8.749784	-3.289832
0.790422	0.513510	-11.768212	-6.039207
0.810448	0.211651	-8.887581	-6.030040
0.830428	-1.630585	-15.702432	-10.532102
0.850447	-0.305166	-18.086582	-9.910820
0.870423	0.084152	-7.716943	-3.289095
0.890423	0.478523	-11.768875	-6.032835
0.910439	-2.945929	-10.243460	-8.356973
0.930438	1.453185	-14.337399	-8.180491
0.950423	-0.360487	-18.118840	-9.917168
0.970436	-1.357154	-15.526733	-7.752844
0.990454	0.156158	-8.894386	-6.020952
1.010473	0.151819	-8.895008	-6.020191
1.030421	-1.736879	-15.726743	-10.526929
1.050423	-0.419691	-18.103772	-9.896592
1.070421	0.483081	-8.755506	-3.275277
1.090425	0.405159	-11.771233	-6.020071
1.110434	0.122880	-8.901361	-6.017370
1.130422	-0.461219	-18.118287	-9.896025
1.150435	-0.748732	-15.230377	-9.881032
1.170422	0.646443	-14.652361	-6.019934
1.190422	0.096903	-8.907581	-6.015290
1.210444	0.092454	-8.898200	-6.007790
1.230425	-1.836446	-15.700118	-10.488338
1.250418	-0.441486	-15.095470	-7.133484
1.270429	0.339152	-11.770935	-6.007399
1.290447	0.068705	-8.901635	-6.004267
1.310444	0.327708	-11.779221	-6.009437
1.330418	-0.893059	-6.340762	-3.866788
1.350447	1.211423	-5.438159	-2.143120
1.370420	-1.715804	-13.884250	-10.480482
1.390478	1.610452	-14.165542	-5.391038
1.410420	-0.907027	-6.350696	-3.870067
1.430445	-0.067347	-11.916786	-8.737292
1.450421	-0.911585	-6.339896	-3.862066
1.470457	-1.958799	-6.758966	-4.447379
1.490442	1.586956	-14.219259	-5.406693
1.510469	-0.091451	-11.917375	-8.732960
1.530419	-0.925126	-6.347211	-3.863945
1.550443	0.011279	-8.903190	-5.991808
1.570441	-0.927954	-6.331812	-3.853304
1.590420	0.254411	-11.794312	-6.003703
1.610443	0.366101	-8.751430	-3.249125
1.630448	1.180533	-5.450009	-2.144228
1.650419	-1.187587	-3.468550	-3.856486
1.670419	-0.813282	-12.219026	-6.593518
1.690429	-0.014743	-8.911061	-5.991013
1.710420	1.297899	-2.432859	0.598990
1.730419	-1.316472	-6.484286	-6.592051
1.750423	-0.704233	-9.196527	-3.847312
1.770445	0.924087	-2.582771	-2.141857
1.790447	-1.876528	-3.744397	-1.702935
1.810423	1.850136	-5.178060	-4.293344
1.830405	-0.956326	-6.336352	-3.849947
1.850420	1.293313	-2.431202	0.598291
1.870442	-0.956966	-6.323286	-3.841447
1.890427	0.921957	-2.588885	-2.145574
1.910423	-2.013521	-6.765809	-4.444706
1.930444	1.291333	-2.430946	0.598091
1.950444	0.919633	-2.587430	-2.143854
1.970421	-1.885550	-3.747001	-1.702500
1.990449	0.917432	-2.584042	-2.140738
2.010420	0.919631	-2.591688	-2.146945
2.030421	-2.937132	-4.175268	-2.298431
2.050422	0.917252	-2.587814	-2.143513
2.070421	0.000000	0.000000	0.000000
2.090446	0.238228	-2.863641	0.000000
2.110423	1.053655	0.433603	0.599441
2.130481	-0.135382	-3.012552	-2.734421
2.150421	1.055638	0.434296	0.600544
2.170423	0.000000	0.000000	0.000000
2.190420	-3.177763	-1.307350	-2.298153
2.210420	0.000000	0.000000	0.000000
2.230422	0.000000	0.000000	0.000000
2.250470	0.000000	0.000000	0.000000
2.270421	0.000000	0.000000	0.000000
2.290496	0.000000	0.000000	0.000000
2.310432	0.000000	0.000000	0.000000
2.330465	0.000000	0.000000	0.000000
2.350421	0.000000	0.000000	0.000000
2.370428	0.000000	0.000000	0.000000
2.390425	0.000000	0.000000	0.000000
2.410420	0.000000	0.000000	0.000000
2.430421	0.000000	0.000000	0.000000
2.450423	0.000000	0.000000	0.000000
2.470441	0.000000	0.000000	0.000000
2.490458	0.000000	0.000000	0.000000
2.510421	0.000000	0.000000	0.000000
2.530447	0.000000	0.000000	0.000000
2.550452	0.000000	0.000000	0.000000
2.570447	0.000000	0.000000	0.000000
2.590420	0.000000	0.000000	0.000000
2.610442	0.000000	0.000000	0.000000
2.630641	0.000000	0.000000	0.000000
2.650442	0.000000	0.000000	0.000000
2.670420	0.000000	0.000000	0.000000
2.690422	0.000000	0.000000	0.000000
2.710422	0.000000	0.000000	0.000000
2.730523	0.000000	0.000000	0.000000
2.750423	0.000000	0.000000	0.000000
2.770422	0.000000	0.000000	0.000000
2.790443	0.000000	0.000000	0.000000
2.810454	0.000000	0.000000	0.000000
2.830436	0.000000	0.000000	0.000000
2.850424	0.000000	0.000000	0.000000
2.870433	0.000000	0.000000	0.000000
2.890420	0.000000	0.000000	0.000000
2.910421	0.000000	0.000000	0.000000
2.930420	0.000000	0.000000	0.000000
2.950484	0.000000	0.000000	0.000000
2.970450	0.000000	0.000000	0.000000
2.990427	0.000000	0.000000	0.000000
3.010437	0.000000	0.000000	0.000000
3.030424	0.000000	0.000000	0.000000
3.050465	0.000000	0.000000	0.000000
3.070422	0.000000	0.000000	0.000000
3.090421	0.000000	0.000000	0.000000
3.110420	0.000000	0.000000	0.000000
3.130441	0.000000	0.000000	0.000000
3.150429	0.000000	0.000000	0.000000
3.170517	0.000000	0.000000	0.000000
3.190529	0.000000	0.000000	0.000000
3.210462	0.000000	0.000000	0.000000
3.230513	0.000000	0.000000	0.000000
3.250421	0.000000	0.000000	0.000000
3.270534	0.000000	0.000000	0.000000
3.290423	-12.155846	-5.000984	-18.556788
3.310428	-2.749916	7.030105	-29.542435
3.330422	39.738610	38.896293	-18.899394
3.350421	44.843300	22.717846	26.044051
3.370422	100.519828	48.712045	58.212823
3.390421	24.742708	16.203714	3.055232
3.410425	-20.033891	-1.075392	-21.499326
3.430513	-54.060614	-13.453364	-29.516314
3.450444	-16.621543	-2.654166	-11.517944
3.470425	8.147062	5.125692	-11.310435
3.490383	73.237806	39.327230	24.744220
3.510458	77.405689	45.273173	42.468419
3.530426	8.257456	9.440528	1.372571
3.550392	-23.489860	-3.745755	-21.702509
3.570423	-19.528129	-3.358744	-24.240158
3.590452	30.396759	21.628159	5.801216
3.610452	25.829803	16.756840	11.789805
3.630444	9.542211	11.220515	0.284482
3.650422	10.977200	10.594949	-6.351382
3.670465	23.052207	21.626338	2.845934
3.690444	10.238921	7.287970	0.271761
3.710445	20.182535	17.469396	0.535477
3.730422	6.793692	8.877563	-2.041189
3.750423	13.011617	8.456634	-0.220296
3.770397	23.085372	21.752557	2.820516
3.790450	6.655388	5.800146	-4.826004
3.810427	14.168622	11.987919	3.155409
3.830425	20.441789	17.645844	-4.494193
3.850438	18.301347	16.756289	-6.213778
3.870424	10.979312	10.674548	0.831471
3.890413	19.734077	17.393197	-2.850145
3.910446	6.644093	5.822161	-4.870853
3.930432	19.722546	17.409966	-2.873895
3.950444	7.693974	6.274098	-4.290822
3.970467	10.562786	10.519266	-1.992404
3.990421	21.851877	18.351988	-1.201510
4.010422	10.564100	10.541867	-2.007863
4.030400	20.381960	17.748004	-4.634229
4.050448	11.195429	7.766501	0.785429
4.070421	9.959774	9.077969	-2.628283
4.090423	10.925071	10.718835	0.781149
4.110444	9.779287	7.183234	-2.630370
4.130421	20.433769	20.878908	-1.868671
4.150477	6.981344	6.003693	-2.127888
4.170445	13.042717	11.650375	2.476186
4.190424	19.589141	18.730832	0.328612
4.210425	6.993792	6.028198	-2.144747
4.230426	19.996767	17.677143	0.312904
4.250423	9.620670	8.983396	2.379049
4.270423	6.684418	8.976483	-2.154674
4.290448	10.202816	10.467997	2.971162
4.310442	20.048124	20.819197	3.121552
4.330444	0.000000	0.000000	0.000000
4.350375	18.358365	23.247335	-0.315133
4.370489	9.763825	10.282262	0.137712
4.390422	12.321888	14.524565	-0.390388
4.410428	9.807905	10.346718	0.132576
4.430513	16.450972	22.378867	0.782216
4.450423	7.729475	9.504211	-1.591564
4.470424	12.945728	11.712300	2.432227
4.490429	16.426591	19.387909	-2.069405
4.510480	0.000000	0.000000	0.000000
4.530421	19.303030	23.781712	0.229946
4.550423	10.822006	10.832712	0.709339
4.570421	9.774927	10.390248	0.108437
4.590463	16.029942	22.347691	-2.096886
4.610422	9.782367	10.422006	0.100944
4.630424	10.802553	10.852989	0.696657
4.650445	18.112805	23.308878	-0.409026
4.670422	7.655369	9.521391	-1.624202
4.690423	9.743115	10.419501	0.088076
4.710423	10.116863	10.586759	2.940686
4.730421	9.737174	10.428475	0.084251
4.750511	19.040119	23.728491	0.160309
4.770421	9.768790	10.487376	0.077139
4.790445	9.709019	10.430821	0.074214
4.810445	19.090575	23.871296	0.141157
4.830430	9.716737	10.464105	0.066906
4.850484	16.598653	19.668876	0.676059
4.870445	6.571954	9.119399	-2.258664
4.890444	10.739935	10.924604	0.656140
4.910430	19.769160	21.129324	2.980119
4.930421	5.506041	8.663701	-2.864189
4.950445	10.711459	10.925612	0.646263
4.970444	19.353415	20.982062	0.089690
4.990421	6.541763	9.136718	-2.277669
5.010444	9.656224	10.486945	0.038363
5.030422	17.270041	23.269660	1.231062
5.050421	9.656451	10.511720	0.031866
5.070445	8.599116	10.045883	-0.568432
5.090440	6.892117	9.311681	0.591319
5.110420	9.654786	10.531764	0.025347
5.130482	19.220669	20.989564	0.043067
5.150439	16.086035	20.944630	0.603022
5.170455	0.000000	0.000000	0.000000
5.190421	19.283442	21.118259	0.025198
5.210420	8.365826	8.752246	1.178414
5.230491	19.161417	21.029252	0.012034
5.250463	9.163337	11.615085	0.002268
5.270431	9.621116	10.578448	-0.000163
5.290448	18.600866	16.452016	-3.499961
5.310418	10.653229	11.047850	0.590538
5.330420	12.717684	11.955759	2.309539
5.350483	19.488529	18.099710	-0.029316
5.370420	6.476797	9.232122	-2.347523
5.390423	9.577436	10.587791	-0.021128
5.410421	18.686913	22.231476	-0.049754
5.430420	10.411536	6.550009	-0.028516
5.450423	11.646149	11.525002	1.692977
5.470422	10.601969	11.069417	0.565236
5.490422	9.557158	10.610832	-0.035774
5.510474	21.143828	18.927543	-1.263500
5.530480	6.797973	9.396936	0.545873
5.550457	12.679585	12.027232	2.281424
5.570443	19.480095	18.253990	-0.098416
5.590490	9.510920	10.610292	-0.052767
5.610475	19.000236	19.312066	-0.113348
5.630421	10.013523	9.632102	-0.060432
5.650420	9.145732	10.482514	-2.986360
5.670440	9.506576	10.642171	-0.066339
5.690420	12.641807	12.060878	2.259796
5.710421	17.998845	17.663360	-3.671188
5.730418	22.118529	22.734572	2.170652
5.750434	6.776503	6.242734	-2.407474
5.770465	13.624294	12.518127	2.837183
5.790421	5.346088	8.838788	-3.019954
5.810421	13.004970	9.046173	2.238613
5.830448	18.468397	22.386469	-0.185952
5.850481	9.457798	10.676630	-0.096624
5.870442	12.445244	7.568583	1.634936
5.890478	18.895725	21.366931	-0.205111
5.910429	9.897277	7.685959	-0.106717
5.930430	9.456397	10.710625	-0.108923
5.950518	21.544794	22.567709	-0.837614
5.970444	9.480270	10.762323	-0.117684
5.990444	9.859911	7.679628	-0.119721
6.010443	9.439736	10.729920	-0.122207
6.030403	22.440147	19.861862	2.084439
6.050421	8.952178	11.766178	-0.129329
6.070546	9.365573	10.676028	-0.131038
6.090423	22.132303	19.801768	-0.901083
6.110470	9.391992	10.728591	-0.139853
6.130424	11.130087	11.550695	-1.370726
6.150426	9.874822	9.724011	-0.145958
6.170456	14.745579	14.424323	1.554709
6.190422	18.449637	21.409529	-3.276707
6.210425	10.292273	6.678446	-0.157631
6.230421	12.492764	12.190704	2.175342
6.250424	20.417333	20.307539	-1.560167
6.270444	9.367074	10.779111	-0.168093
6.290422	11.515295	8.505994	-1.407340
6.310423	12.941207	11.171693	2.162227
6.330422	11.870891	8.672114	1.562152
6.350420	21.892785	19.784808	-1.000349
6.370443	9.344582	10.797606	-0.184204
6.390500	18.502610	14.969088	-0.971894
6.410421	12.493659	12.281164	2.155039
6.430445	8.743421	7.265815	-0.791505
6.450422	22.247272	20.015232	1.946021
6.470489	9.749915	7.727476	-0.200580
6.490421	12.093878	12.121034	-0.855568
6.510463	9.757278	7.741753	-0.206655
6.530421	11.406908	11.809048	1.535679
6.550419	21.339890	20.894572	-1.079119
6.570447	12.015525	12.081706	-0.870423
6.590449	12.857079	9.186606	2.120534
6.610420	12.042048	12.124500	-0.880649
6.630422	11.443258	8.546339	-1.482262
6.650425	24.398212	24.401837	1.220838
6.670457	9.735367	7.769377	-0.235185
6.690446	10.976177	11.657954	-1.498918
6.710443	24.836405	21.344098	1.195248
6.730422	0.000000	0.000000	0.000000
6.750443	20.674526	19.437275	-1.758914
6.770483	12.805750	11.260677	2.087795
6.790448	20.711955	19.509725	-1.782942
6.810494	9.230511	8.815736	-0.260340
6.830445	12.844965	9.250677	2.087802
6.850463	21.005007	19.649647	1.213398
6.870421	9.740914	9.905869	-0.270809
6.890461	11.373193	8.571989	-1.542552
6.910421	8.698306	7.352859	-0.876277
6.930432	15.022460	13.598176	1.391818
6.950440	23.687924	20.948026	0.505301
6.970422	11.943778	12.203958	-0.967940
6.990422	8.667656	7.349340	-0.889074
7.010422	12.780902	9.255952	2.056124
7.030474	11.784676	13.373037	2.049026
7.050450	23.128963	19.506367	-0.128813
7.070440	9.320837	7.669617	-3.341296
7.090448	14.872443	14.845134	4.393239
7.110450	8.756621	6.158635	-3.946113
7.130450	14.869122	14.859538	4.390834
7.150424	21.594880	20.107271	-1.323787
7.170426	11.330641	10.724978	-1.610458
7.190451	10.027937	8.017065	2.718859
7.210457	10.857735	9.663504	-1.616778
7.230449	24.069209	20.036971	0.400758
7.250422	11.400346	13.305141	-1.032383
7.270421	11.309131	10.747921	-1.633814
7.290472	21.320817	23.385520	1.667093
7.310427	9.164717	11.036038	-0.346013
7.330517	11.132379	11.915018	1.403201
7.350391	9.857888	11.398693	-2.828185
7.370461	11.134608	11.935028	1.399260
7.390525	21.254924	23.417986	1.637623
7.410422	9.166831	11.090822	-0.362296
7.430446	11.688890	13.489207	1.992215
7.450443	8.564968	9.529542	-0.963840
7.470464	11.277275	8.670173	-1.673900
7.490424	20.427093	26.566789	-1.458921
7.510439	9.088274	11.047451	-0.376452
7.530446	12.672920	9.346069	1.979212
7.550515	20.646101	26.631894	1.589058
7.570425	8.609737	7.465453	-0.989191
7.590439	9.069497	11.065395	-0.388292
7.610445	10.733070	11.856899	-1.707210
7.630451	19.789088	22.941639	-2.109250
7.650574	13.072442	12.939240	2.543938
7.670424	11.172718	12.142964	1.371161
7.690423	9.050996	11.095906	-0.404642
7.710430	11.733895	12.366202	-1.130864
7.730391	19.618068	26.387548	0.942923
7.750421	10.192069	12.906329	-1.738208
7.770447	9.017282	11.100809	-0.417935
7.790473	12.064105	7.874050	1.342648
7.810444	10.699725	16.616545	-1.154997
7.830477	20.512658	22.155184	0.909344
7.850423	9.032167	11.163176	-0.432325
7.870464	11.666710	12.387696	-1.165249
7.890484	11.012059	16.778962	1.926680
7.910424	7.990206	10.688736	-1.040820
7.930381	23.226135	23.567013	0.144716
7.950447	8.952298	11.120091	-0.445756
7.970645	19.780923	23.060609	0.858567
7.990448	9.617308	8.065693	-0.458881
8.010448	8.966378	11.169500	-0.456786
8.030447	9.333364	11.350816	2.652483
8.050458	7.926995	10.679737	-1.058450
8.070426	19.591607	23.192446	-2.276551
8.090442	9.308522	11.354463	2.645021
8.110441	13.044208	8.436589	1.899948
8.130428	16.489614	21.736338	-4.668429
8.150444	9.294179	11.368792	2.640326
8.170420	7.880055	15.439618	-0.480470
8.190422	4.027054	12.321249	1.619581
8.210425	-2.267620	12.764491	0.000000
8.230434	-9.444009	26.627241	2.099945
8.250440	-6.482006	9.470583	-1.021304
8.270419	-10.734677	13.430538	-0.272272
8.290420	-17.223358	22.862151	-1.295346
8.310443	-10.231575	12.353173	-0.273810
8.330443	-9.173922	8.148907	-0.274908
8.350442	-17.256195	22.808332	-1.299914
8.370420	-8.095383	14.674467	-1.025195
8.390522	-16.118617	18.468598	-1.295281
8.410421	-6.599298	8.500803	2.100070
8.430473	-7.088573	12.557137	-1.022191
8.450463	-16.732222	19.550735	-1.306697
8.470430	-9.215280	8.099485	-0.282160
8.490421	-7.258760	13.773846	2.085975
8.510443	-7.031822	10.393526	-1.025345
8.530419	-18.301661	20.024749	-1.912835
8.550420	-7.274053	13.742277	2.081265
8.570420	-11.108700	8.383078	-3.993449
8.590423	-7.282849	13.727725	2.079170
8.610487	-17.387151	19.035856	1.186290
8.630421	-6.584331	9.372481	-1.032139
8.650427	-11.854977	12.712191	-0.889612
8.670422	-17.053740	22.723171	1.781558
8.690385	-6.727673	10.540208	2.075810
8.710422	-11.112581	8.300824	-3.988047
8.730450	-15.048976	23.636075	3.535166
8.750441	-10.127947	8.806722	-3.398704
8.770423	-14.498067	20.491272	3.537311
8.790419	-8.124510	9.792157	-1.632102
8.810420	-10.277668	9.977474	-0.300773
8.830861	-16.261498	21.095374	1.722247
8.850444	-7.270998	10.497231	-1.056539
8.870422	-11.423136	11.589434	-0.903818
8.890419	-17.165087	22.526976	1.752698
8.910426	-8.146172	9.737696	-1.634023
8.930472	-10.900188	13.041987	-0.307056
8.950498	-6.766293	10.414619	2.051867
8.970419	-10.461574	12.088904	-0.310978
8.990451	-16.153927	20.382069	1.738058
9.010420	-9.324740	13.886367	-1.639878
9.030436	-10.429681	11.999355	-0.313001
9.050424	-17.772159	23.413715	1.733554
9.070433	-11.824205	11.273355	-3.998507
9.090445	-9.299825	7.814413	-0.316149
9.110443	-10.346228	9.838172	-0.317666
9.130425	-16.519448	-5.004050	3.766908
9.150452	-7.809285	-2.728341	-0.321396
9.170447	-12.338619	-9.789850	-1.964665
9.190477	-16.981354	-19.065927	1.382626
9.210521	-9.824708	-7.207066	0.388440
9.230424	-9.375449	-8.274408	0.388680
9.250422	-9.697621	-8.420056	-2.689710
9.270443	-7.323237	-10.646555	4.050472
9.290423	-18.045707	-16.140464	-1.717013
9.310448	-9.328849	-8.215018	0.375144
9.330447	-11.740537	-12.895777	-1.984848
9.350446	-17.681982	-15.924346	1.338461
9.370421	0.000000	0.000000	0.000000
9.390421	-21.105493	-21.101983	-1.627291
9.410421	-9.355187	-8.213819	0.361327
9.430458	-9.340093	-8.197206	0.358211
9.450479	-17.688393	-15.886189	1.307939
9.470431	-8.771173	-11.354595	0.352340
9.490415	-12.398677	-9.753292	-2.007801
9.510423	-17.473885	-19.184349	-1.763520
9.530421	-6.350440	-6.660711	2.697605
9.550469	-19.072523	-16.541027	-2.367396
9.570420	-9.402543	-8.215163	0.337361
9.590420	-8.366919	-7.677285	0.933001
9.610423	-9.381920	-8.190577	0.331558
9.630428	-8.779095	-11.298489	0.329079
9.650421	-21.812092	-17.917057	-1.701934
9.670421	-9.392548	-8.184283	0.321992
9.690445	-8.783424	-11.275870	0.319151
9.710434	-18.808123	-16.368551	0.632058
9.730420	-9.408237	-8.182880	0.312373
9.750421	-7.790953	-10.763057	0.908570
9.770421	-18.815158	-16.344857	0.612008
9.790419	-9.777609	-8.356327	-2.732311
9.810443	-8.808358	-11.254075	0.300606
9.830431	-21.510759	-17.689410	1.276884
9.850421	-9.790663	-8.351774	-2.738118
9.870420	-7.450606	-10.557807	3.918784
9.890419	-21.884303	-17.848629	-1.775245
9.910419	-5.746703	-6.294304	0.204940
9.930472	-19.242442	-19.857029	-0.038325
9.950445	-9.448095	-8.160379	0.276939
9.970422	-8.431692	-7.644300	0.874101
9.990462	-21.291314	-20.867150	-1.802004
10.010441	-9.454202	-8.150296	0.267211
10.030514	-8.834615	-11.184763	0.263518
10.050391	-17.994935	-15.859485	1.127421
10.070472	0.000000	0.000000	0.000000
10.090421	-21.424722	-20.931759	-1.837859
10.110420	-9.459371	-8.131109	0.252401
10.130420	-11.115353	-8.961209	1.513354
10.150926	-21.982576	-14.340698	-1.807318
10.170440	-9.702435	-8.327272	0.247879
10.190420	-11.135305	-8.964306	1.500435
10.210423	-25.222453	-16.037257	-1.214303
10.230452	-9.460691	-8.106916	0.230080
10.250420	-11.151252	-8.963711	1.485702
10.270487	-10.012753	-5.029582	0.223842
10.290422	-23.737401	-18.647227	-0.649144
10.310483	-10.018747	-5.030084	0.215853
10.330560	-8.941034	-9.092612	0.213168
10.350421	-21.860402	-13.059285	1.680998
10.370418	-12.535688	-9.634568	-2.134570
10.390510	-12.479140	-9.586998	-2.126130
10.410422	-18.196811	-17.112753	3.399575
10.430419	-13.104108	-6.569301	-2.143843
10.450510	-8.445893	-7.554978	0.788358
10.470431	-21.771742	-17.603589	1.024285
10.490419	-12.560440	-9.624950	-2.154260
10.510420	-10.063776	-5.040098	0.182402
10.530459	-20.645584	-16.980101	1.591149
10.550423	-12.584376	-9.630063	-2.166266
10.570448	-9.181895	-3.324330	3.738284
10.590472	-24.737589	-19.012317	-1.366552
10.610442	-9.027270	-9.112866	0.162823
10.630419	-13.097129	-8.596588	-2.177385
10.650450	-22.250199	-14.432505	0.941722
10.670444	-9.025054	-9.096721	0.152079
10.690446	-18.591437	-12.599446	0.895615
10.710418	-9.549079	-8.083422	0.144877
10.730420	-13.095139	-8.574959	-2.190840
10.750420	-20.747391	-16.966825	1.499573
10.770445	-13.119545	-6.547517	-2.195595
10.790422	-9.189029	-7.890240	3.088611
10.810442	-12.586542	-9.575364	-2.201425
10.830420	-10.720567	-9.921179	1.345383
10.850444	-21.283990	-13.904413	1.457033
10.870430	-12.617449	-9.585423	-2.215683
10.890429	-12.244427	-9.393920	0.729373
10.910427	-22.318862	-16.426512	0.832743
10.930505	0.000000	0.000000	0.000000
10.950543	-23.808911	-18.414418	-0.909973
10.970420	-11.822119	-10.466611	0.713419
10.990422	-14.293900	-10.393818	-1.025131
11.010543	-22.230778	-14.318931	0.785253
11.030445	-13.204378	-8.582983	-2.251436
11.050443	-21.345835	-18.432067	0.770819
11.070443	0.000000	0.000000	0.000000
11.090422	-18.831174	-11.361650	3.686812
11.110419	-9.587668	-8.033344	0.073170
11.130461	-12.099449	-12.530617	-2.251201
11.150421	-15.485022	-20.771120	-0.463908
11.170420	-10.098271	-11.533739	-0.534602
11.190428	-8.059396	-10.514435	0.660600
11.210424	-16.505176	-21.213020	-1.076843
11.230443	-8.579090	-7.500273	0.653700
11.250515	-8.552372	-13.962011	0.052712
11.270474	-19.264902	-22.560236	-0.501608
11.290419	-6.430703	-9.694974	-0.545881
11.310421	-9.111330	-10.995731	0.043889
11.330444	-17.194778	-21.454122	0.678511
11.350441	-10.145377	-11.490639	-0.562569
11.370441	-8.106504	-10.479531	0.632933
11.390451	-18.256480	-21.943238	0.060493
11.410465	-6.435358	-9.637778	-0.556007
11.430422	-16.276584	-20.973869	1.774013
11.450420	-6.449954	-9.637035	-0.560808
11.470420	-9.152817	-10.959108	0.018205
11.490438	-18.668291	-22.067921	-2.867331
11.510460	-9.154348	-10.936501	0.011884
11.530447	-9.173990	-10.951855	0.009424
11.550531	-15.211797	-20.290034	2.321457
11.570420	-9.230091	-10.995476	0.001759
11.590444	-9.171574	-10.917685	-0.000730
11.610384	-18.431992	-21.916796	-0.008929
11.630419	-7.498827	-10.081649	-1.175399
11.650419	-8.713646	-13.894048	-0.009749
11.670422	-18.406309	-21.818465	-0.026938
11.690423	-9.209712	-10.904909	-0.017192
11.710420	-9.214925	-10.903020	-0.019676
11.730419	-15.363098	-20.297758	2.270691
11.750552	-9.163652	-10.819418	-0.027166
11.770445	-8.800737	-13.932927	-0.029989
11.790445	-15.761356	-20.449369	-0.627796
11.810421	-10.276746	-11.386911	-0.636091
11.830421	-13.170930	-15.969955	1.677466
11.850483	-9.589390	-11.012320	-2.907539
11.870447	-9.270659	-10.883853	-0.044575
11.890420	-14.991407	-23.220928	2.221567
11.910439	-9.256734	-10.842354	-0.052121
11.930444	-9.636915	-11.025401	-2.922109
11.950462	-16.476553	-20.675548	1.599254
11.970419	-6.579899	-9.550055	-0.613532
11.990442	-9.273115	-10.823154	-0.062708
12.010567	-15.397449	-20.049842	2.166942
12.030422	-9.734517	-11.083207	-2.952740
12.050445	-6.205122	-9.326686	2.238660
12.070420	-18.176717	-24.616937	-0.151720
12.090444	-7.609242	-9.986247	-1.221404
12.110463	-9.304613	-10.796557	-0.080995
12.130420	-19.127977	-18.693731	-0.169964
12.150419	-9.324169	-10.797563	-0.088531
12.170423	-19.100812	-18.633249	-0.184477
12.190445	-6.681011	-6.354966	2.212512
12.210443	-9.336703	-10.785722	-0.098704
12.230399	-19.167297	-18.656809	-0.205301
12.250490	-9.743335	-7.797615	-0.105677
12.270480	-18.340201	-21.374698	2.624071
12.290517	-12.863115	-9.284823	-2.419905
12.310444	-19.228666	-18.650967	-0.237360
12.330441	-10.394477	-11.247090	-0.721051
12.350446	-9.801239	-7.814510	-0.124431
12.370444	-19.182631	-18.563278	-0.256419
12.390419	-9.390142	-10.756049	-0.132090
12.410421	-9.010849	-10.561701	2.697261
12.430503	-22.208821	-19.927711	-2.575218
12.450419	-6.751425	-6.354899	2.173368
12.470428	-12.486467	-12.192226	-2.451213
12.490421	-18.862708	-18.346327	2.527784
12.510418	-10.805269	-11.380895	-3.576861
12.530419	-16.142931	-17.027322	1.992517
12.550482	-9.805051	-7.759965	-0.159924
12.570446	-16.186459	-17.045418	1.980443
12.590396	-9.447260	-10.724669	-0.168551
12.610467	-19.205615	-18.401155	-0.342492
12.630444	-10.890241	-8.267220	-0.775440
12.650420	-9.447323	-10.697321	-0.178294
12.670515	-19.204321	-18.357380	-0.361907
12.690443	-9.480143	-10.713060	-0.186221
12.710443	-9.078544	-10.495578	2.620178
12.730462	-22.402176	-19.865789	-2.686218
12.750462	-9.459559	-10.659730	-0.196409
12.770442	-9.880254	-7.757057	-0.199106
12.790442	-18.564596	-21.128804	2.395816
12.810438	-9.879571	-7.743844	-0.207562
12.830453	-9.468675	-10.635403	-0.209843
12.850423	-19.393357	-18.402668	-0.428133
12.870424	-9.485680	-10.633266	-0.217474
12.890437	-19.368172	-18.345405	-0.442143
12.910425	-9.501450	-10.629720	-0.225088
12.930475	-20.376860	-18.775638	-1.053686
12.950420	-9.532112	-10.642464	-0.233074
12.970433	-19.030854	-18.136748	2.312455
12.990419	-10.285555	-7.890382	-3.028207
13.010435	-9.139305	-10.418120	2.539608
13.030431	-17.357458	-17.331026	1.205278
13.050398	-19.478008	-18.320297	-0.505819
13.070448	-6.775092	-9.281257	-0.735062
13.090445	-9.924010	-7.696650	-0.257862
13.110451	-23.232723	-20.021432	-0.643909
13.130419	-9.561426	-10.587507	-0.266626
13.150426	-9.556357	-7.510286	2.503285
13.170433	-22.495056	-17.841882	-2.842660
13.190516	-9.896167	-7.648858	-0.275949
13.210467	-9.590032	-7.523774	2.494388
13.230419	-22.785618	-18.515889	-0.099322
13.250425	-9.942162	-7.669879	-0.289028
13.270524	-22.052275	-17.559012	-0.118429
13.290419	-10.003420	-7.707180	-0.299080
13.310454	-9.934963	-7.651292	-0.299470
13.330420	-24.209079	-16.073037	-0.744815
13.350421	-19.917110	-15.315831	-0.619260
13.370445	-9.471648	-8.677346	-0.313072
13.390421	-9.234928	-10.356846	2.439210
13.410469	-23.104917	-15.503822	-0.184266
13.430443	-9.982485	-7.657043	-0.325836
13.450444	-12.720167	-8.917928	0.126718
13.470444	-20.503255	-16.795228	-1.264131
13.490440	-22.711381	-16.553473	-0.224474
13.510464	-9.968643	-7.626595	-0.341794
13.530420	-10.109823	-6.443411	2.400396
13.550421	-22.362750	-19.382920	-0.252724
13.570420	-9.989620	-7.628183	-0.354281
13.590481	-22.190604	-17.499585	-0.271805
13.610423	-11.059803	-8.122352	-0.964412
13.630448	-12.733062	-8.878800	0.076053
13.650456	-19.617679	-15.056482	1.988119
13.670474	-9.992373	-7.607422	-0.374347
13.690420	-12.791885	-8.905776	0.060024
13.710554	-22.270060	-19.197870	-0.326589
13.730443	-12.836014	-8.923500	0.047475
13.750508	-12.725568	-8.842923	0.042451
13.770475	-22.477589	-19.334181	-0.359359
13.790422	-10.044841	-7.617034	-0.400289
13.810424	-12.775163	-8.861066	0.026524
13.830446	-25.191409	-20.523183	0.039141
13.850444	-10.027776	-7.588791	-0.412002
13.870422	-12.799613	-8.861298	0.009256
13.890420	-22.113356	-19.086935	2.290913
13.910501	-9.994551	-7.548889	-0.423215
13.930452	-12.826702	-8.863766	-0.008288
13.950441	-23.551651	-19.717065	-1.046769
13.970420	-10.053929	-7.578715	-0.437217
13.990422	-19.715901	-14.963065	1.817395
14.010409	-10.055091	-7.570297	-0.445695
14.030442	-12.788934	-8.811150	-0.035959
14.050420	-20.936183	-17.219944	1.190920
14.070421	-9.582604	-8.590841	-0.457484
14.090422	-13.192200	-8.986429	-2.743334
14.110450	-24.858152	-8.403914	-1.118513
14.130444	-7.903643	2.300272	1.815077
14.150443	-13.976717	4.174929	-0.067147
14.170645	-21.389876	16.515504	0.724869
14.190449	-11.327170	5.463959	-0.484079
14.210420	-10.310398	10.044256	-1.483164
14.230422	-19.779980	13.251735	1.311944
14.250483	-18.813497	17.794629	0.304512
14.270421	-9.633103	7.384919	1.192870
14.290432	-8.939360	7.656073	-0.890582
14.310419	-22.176422	14.585164	-1.991721
14.330472	-9.955653	7.140121	-1.489521
14.350421	-15.477205	16.445165	2.567513
14.370429	-8.100584	6.758088	1.772244
14.390425	-21.705032	13.453888	-2.011872
14.410446	-8.919803	10.545896	1.763434
14.430443	-18.590578	14.866903	0.256974
14.450444	-9.449399	8.605922	-0.907942
14.470422	-13.108367	8.585938	-1.123403
14.490424	-18.945664	17.581510	0.242397
14.510426	-8.628341	4.765455	-0.912992
14.530509	-11.539536	7.959339	-0.529173
14.550455	-22.609642	20.080958	0.609892
14.570419	-8.511831	6.497130	-0.920438
14.590425	-8.961425	10.453909	1.736501
14.610652	-22.319635	19.725064	0.582027
14.630464	-9.740927	7.238477	1.140613
14.650469	-12.460476	8.760386	-3.203910
14.670467	-21.262254	15.046841	0.569869
14.690420	-9.020635	7.469067	-0.933496
14.710469	-18.602095	17.467196	2.825292
14.730439	-10.046499	6.948766	-1.537189
14.750439	-12.108305	8.870039	-0.566969
14.770486	-19.484914	18.250193	0.167008
14.790415	-8.179241	6.575682	1.708747
14.810441	-13.125235	8.325666	-1.173942
14.830443	-19.548228	18.223588	0.151115
14.850442	-20.780018	16.339398	1.106295
14.870445	-10.047442	6.856078	-1.549694
14.890422	-9.035910	10.289941	1.686990
14.910423	-21.689755	14.569090	-2.146918
14.930444	-8.654197	7.494943	1.676000
14.950420	-10.440408	9.577761	-1.558990
14.970421	-9.319629	23.083357	0.716133
14.990441	1.234467	12.314986	-0.357718
15.010425	3.695464	7.676840	-1.316965
15.030421	12.835805	20.958123	-0.721020
15.050374	7.322627	10.745285	1.556993
15.070430	13.154724	18.171002	-0.729007
15.090422	6.410097	9.028321	-1.688160
15.110422	6.404642	9.027206	-1.690099
15.130422	6.770128	9.210590	0.947278
15.150443	9.486981	10.545506	0.580047
15.170422	15.884101	22.559504	1.522855
15.190422	7.260186	8.202865	0.942310
15.210420	7.408099	9.549094	-1.105373
15.230422	16.090798	21.007422	4.153913
15.250431	6.374703	9.049289	-1.709358
15.270421	16.610407	17.073430	1.498988
15.290422	6.873616	8.040786	-1.717048
15.310424	16.705545	21.365363	2.084958
15.330444	7.740616	9.747049	1.525753
15.350422	7.386140	9.588561	-1.129312
15.370445	16.147353	19.845785	1.471448
15.390420	6.871795	10.619728	-1.136846
15.410419	17.305690	19.193483	-0.598901
15.430444	7.717494	9.767245	1.514961
15.450440	6.338679	9.094555	-1.744326
15.470427	16.784445	20.250578	-0.618923
15.490420	5.036324	5.483215	-0.769052
15.510419	10.433385	11.148340	1.123911
15.530421	15.730259	19.752814	-1.236645
15.550420	7.703384	9.803385	1.504373
15.570421	6.314452	9.114367	-1.763968
15.590421	16.725098	20.288060	-0.657739
15.610442	12.961843	18.412751	-0.873537
15.630430	10.408717	11.187835	1.102845
15.650444	6.659076	9.308852	0.894463
15.670470	6.285950	9.122636	-1.778966
15.690499	17.022134	20.486542	1.983186
15.710423	9.402574	10.729235	0.494589
15.730456	16.632552	20.319517	-0.704173
15.750449	6.644773	9.339386	0.885020
15.770421	16.662939	20.399741	-0.720420
15.790455	7.049664	6.544276	0.878818
15.810422	9.359638	10.729609	0.477353
15.830420	16.186487	23.191482	-0.738881
15.850420	7.703468	6.891665	-1.215582
15.870421	9.329926	10.725445	0.466075
15.890553	16.479898	20.288417	-0.755180
15.910442	9.740068	10.982597	3.168861
15.930441	5.874363	9.001869	-4.520818
15.950380	16.980463	20.697022	1.919962
15.970441	9.277567	10.717708	0.447669
15.990420	7.251187	9.722320	-1.240595
16.010448	15.498677	19.932784	-1.397441
16.030419	11.133821	8.674070	3.743551
16.050420	6.216077	9.208250	-1.847738
16.070421	18.567778	21.543344	0.866425
16.090467	9.704578	7.952762	0.428486
16.110385	6.230555	9.258261	-1.866380
16.130421	18.959321	18.727949	0.844480
16.150443	6.189673	9.218121	-1.864738
16.170420	17.306759	17.937827	1.855894
16.190420	8.022774	7.126698	1.436470
16.210424	9.253415	10.799358	0.410761
16.230425	18.955665	18.797718	0.814131
16.250424	6.177749	9.247125	-1.884234
16.270494	10.220081	11.292319	0.995638
16.290422	19.002027	18.889367	0.796572
16.310445	9.683011	7.996084	0.392663
16.330453	9.873497	11.153999	-1.732357
16.350455	19.457988	22.181190	1.369890
16.370468	6.615504	6.443149	-1.905822
16.390473	9.213520	10.837992	0.379153
16.410392	18.965914	18.942551	0.754029
16.430440	7.138365	9.776267	-1.316183
16.450443	11.898499	12.235528	-0.072272
16.470442	19.879490	19.410284	1.327402
16.490441	6.130443	9.292801	-1.929810
16.510494	18.799455	18.856188	0.711388
16.530443	6.981434	6.672507	0.801714
16.550424	9.188554	10.886185	0.351636
16.570433	18.455598	18.731106	-2.044905
16.590420	9.175889	10.892898	0.342899
16.610432	9.642068	8.047050	0.339974
16.630444	16.267137	20.720260	-1.020137
16.650419	11.030588	8.778999	3.681980
16.670423	7.776433	10.190549	-3.014575
16.690419	18.786936	18.974164	0.652540
16.710441	10.143984	11.421395	0.919983
16.730464	11.816791	12.291059	-0.138736
16.750420	9.647726	8.091145	0.317274
16.770393	10.157584	11.460079	0.913918
16.790421	18.358005	18.790961	-2.133440
16.810423	18.735842	19.014999	0.608353
16.830419	9.117968	10.940090	0.300513
16.850420	9.112036	10.941055	0.297946
16.870404	19.376037	19.391050	-1.578295
16.890450	6.899890	6.686578	0.757073
16.910430	7.567824	7.045346	-1.410692
16.930422	12.153505	12.545415	2.582064
16.950391	17.340637	18.379651	-2.809308
16.970420	10.082447	11.474495	0.873866
16.990421	8.579179	7.583470	-0.324330
17.010443	19.654458	19.590103	1.138085
17.030419	9.085085	10.991942	0.266982
17.050555	9.154341	7.874696	-2.495124
17.070420	21.838016	20.835399	2.835598
17.090421	10.582510	8.649625	0.854353
17.110421	8.048923	10.468179	-0.345319
17.130421	21.818964	17.658006	0.014495
17.150446	9.190008	7.932110	-2.536736
17.170467	12.078158	12.582910	2.537900
17.190503	19.727954	16.581159	-1.711389
17.210443	9.585630	8.164571	0.233596
17.230442	12.077559	12.610014	2.530839
17.250418	17.750227	15.590972	-2.941644
17.270446	9.011775	11.012327	0.221710
17.290466	20.076761	16.813033	1.034004
17.310439	9.554264	8.164603	0.214827
17.330439	11.209266	9.029963	-0.884067
17.350456	19.535881	19.713895	1.012476
17.370420	9.550046	8.176265	0.204036
17.390445	11.661194	12.438929	-0.299975
17.410421	8.530404	7.646445	-0.401200
17.430420	12.202288	9.572200	-0.308372
17.450430	21.175925	20.627557	-0.124410
17.470423	10.529916	8.705959	0.784749
17.490424	12.191218	9.580753	-0.324357
17.510422	20.635444	21.668349	-0.152312
17.530420	10.040284	7.175556	0.174302
17.550425	11.533934	9.248674	1.877774
17.570419	21.146009	20.686258	-0.177491
17.590442	9.490202	8.180611	0.163416
17.610444	9.135717	7.999972	-2.660644
17.630420	21.142481	20.725280	-0.205903
17.650451	10.482769	8.714924	0.748937
17.670457	17.967045	15.865049	-0.302660
17.690444	9.492836	8.208065	0.144239
17.710420	11.979965	12.729336	2.452066
17.730420	21.630506	17.825706	-0.248487
17.750478	8.897784	11.091315	0.133132
17.770423	12.176006	9.649630	-0.396953
17.790405	9.481173	8.222544	0.127753
17.810423	11.595973	10.623551	-0.403558
17.830493	21.499843	19.693367	-0.289036
17.850425	12.170852	9.666814	-0.417860
17.870422	12.129277	9.637814	-0.421119
17.890423	20.012488	20.256083	-0.918410
17.910420	10.461203	8.765082	0.701812
17.930420	12.117207	9.645428	-0.437041
17.950444	19.795066	21.448517	1.902747
17.970420	9.058966	9.981352	-2.763055
17.990421	12.467612	9.847345	2.400821
18.010408	18.752940	22.897996	0.770052
18.030422	7.852070	10.638996	-0.516502
18.050418	15.629219	18.025033	0.702406
18.070419	9.856388	11.723284	0.673782
18.090469	7.824472	10.631788	-0.524592
18.110390	16.964144	18.805102	-3.337301
18.130441	0.000000	0.000000	0.000000
18.150420	21.719826	24.579948	3.041753
18.170444	8.819248	11.196357	0.059332
18.190443	11.483832	12.632249	-0.496829
18.210448	17.683849	20.493408	0.104504
18.230419	9.364183	10.233945	0.048687
18.250421	8.809996	11.225299	0.046078
18.270398	20.289094	23.912498	-0.475304
18.290423	8.787781	11.223225	0.037685
18.310421	9.387085	8.292826	0.035252
18.330441	20.214076	23.889356	-0.499840
18.350420	8.792616	11.261856	0.026927
18.370444	8.769646	11.240875	0.024390
18.390444	19.794842	20.449335	-1.124361
18.410423	8.778236	11.275622	0.016088
18.430417	18.132464	19.586128	0.024706
18.450497	6.721851	10.151237	-1.705011
18.470444	11.796958	12.930987	2.331236
18.490444	9.715915	8.514902	2.896194
18.510459	7.378803	10.540364	-3.487109
18.530443	16.494099	22.051719	-0.603919
18.550473	9.330446	8.316898	-0.006244
18.570420	11.773064	12.952824	2.318114
18.590443	17.433223	22.575146	-0.024422
18.610419	10.347559	8.890471	0.583257
18.630421	11.723277	12.932111	2.303382
18.650471	16.020512	21.835896	-3.538764
18.670420	10.092784	12.086583	3.487227
18.690491	8.311559	11.087906	-2.925403
18.710397	20.110286	20.865715	1.666731
18.730422	8.679632	11.317966	-0.036403
18.750422	8.325876	11.139659	-2.951247
18.770515	12.252498	9.945555	2.270897
18.790445	17.053470	22.569748	-3.018634
18.810445	9.671487	11.891933	0.547636
18.830444	8.296216	7.828987	-0.651883
18.850473	17.299452	22.678512	-0.113955
18.870419	9.313434	8.401322	-0.060943
18.890421	10.652173	12.450755	1.663853
18.910420	16.935368	22.542756	-3.058928
18.930444	9.625828	8.573547	2.851377
18.950420	11.289548	12.830055	-0.674721
18.970426	8.991478	11.573373	2.851903
18.990432	19.527989	20.668413	-1.359562
19.010444	8.617810	11.383105	-0.083459
19.030420	11.627910	13.045497	2.245007
19.050440	11.237764	12.824402	-0.694203
19.070709	19.239487	20.430485	-1.374524
19.090444	9.373964	8.523475	-0.098765
19.110425	11.244042	12.863521	-0.711506
19.130490	12.197322	10.020845	2.219323
19.150483	10.229718	12.315589	-1.317465
19.170451	23.484376	22.960900	1.497761
19.190429	9.244153	8.433162	-0.114678
19.210459	17.420306	19.629952	-3.181264
19.230434	9.238674	8.440042	-0.123254
19.250420	11.564285	13.087613	2.207829
19.270422	19.411140	20.771575	-1.478434
19.290421	12.205504	10.080955	2.199382
19.310421	10.183058	12.346965	-1.358478
19.330445	20.717654	21.515885	2.050245
19.350403	9.225287	8.464061	-0.144300
19.370421	11.154155	12.897416	-0.773754
19.390419	9.201475	8.451202	-0.149853
19.410478	11.480925	13.074905	2.176222
19.430423	18.401187	20.334655	-2.146537
19.450443	9.817981	8.801512	-2.528008
19.470507	13.441990	14.178112	3.896764
19.490420	8.864487	8.301121	-3.151179
19.510421	11.489573	13.133977	2.166757
19.530425	23.278013	23.052555	1.352591
19.550504	7.788247	7.692177	-3.738029
19.570465	25.296527	24.219280	3.077342
19.590443	8.134856	11.321248	-3.170870
19.610499	12.108444	10.100892	2.142496
19.630440	8.502341	11.547672	-0.192846
19.650420	14.770130	11.596565	1.500372
19.670485	19.182765	20.841038	-1.639300
19.690420	10.808147	9.420660	-1.455918
19.710446	10.426437	12.611705	1.532761
19.730440	23.195002	23.140474	1.268284
19.750516	9.104361	8.466439	-0.214123
19.770441	8.115468	11.385093	-3.224976
19.790420	23.541982	23.380119	4.244048
19.810447	8.122988	7.943322	-0.823007
19.830422	8.141628	7.964812	-0.827455
19.850483	11.006442	12.971043	-0.886529
19.870448	12.114621	10.184650	2.113246
19.890422	23.147098	23.218821	1.209267
19.910423	8.118418	7.964066	-0.840186
19.930442	11.712405	9.966188	-0.907148
19.950441	19.128145	21.001520	-1.761968
19.970422	11.376026	13.249071	2.093978
19.990423	18.482241	20.668852	0.085130
20.010419	5.065233	13.191955	0.409241
20.030420	-0.517328	10.074859	-1.268141
20.050426	-10.281169	21.885098	-1.077593
20.070419	-5.825018	14.023732	3.685634
20.090421	-9.491293	7.196011	-0.410153
20.110420	-18.934217	23.929156	-1.490885
20.130429	-10.052743	8.163397	-0.412498
20.150421	-8.812492	12.326589	1.333471
20.170444	-10.050842	8.143321	-0.414372
20.190426	-10.795822	11.204180	-0.416173
20.210486	-17.938439	24.323098	-0.897045
20.230440	-9.534287	7.149233	-0.418806
20.250419	-7.851898	12.852560	1.927167
20.270421	-10.995950	8.895007	-3.426809
20.290419	-11.539081	14.188830	-0.420465
20.310421	-20.336811	18.228853	-0.843449
20.330420	-8.222800	12.600638	-1.083731
20.350444	-17.380710	19.848546	1.492874
20.370419	-7.762755	5.947047	-1.685672
20.390421	-10.832908	11.086688	-0.426215
20.410462	-19.858723	20.979380	-2.107489
20.430443	-7.162952	9.732839	1.914937
20.450419	-10.861791	11.068526	-0.430284
20.470441	-8.140162	9.134580	1.310585
20.490421	-11.435311	12.036487	-0.432641
20.510424	-18.232255	17.975368	-2.118526
20.530443	-7.167878	9.679822	1.904688
20.550447	-12.422082	11.419312	-1.034378
20.570444	-18.060671	20.670334	1.466714
20.590481	-8.157389	9.078102	1.300656
20.610639	-10.798359	10.887981	-0.436331
20.630448	-9.592703	13.213653	1.312826
20.650464	-10.311256	9.965479	-0.441320
20.670462	-17.883050	19.395774	-1.534960
20.690443	-11.895724	10.367118	-1.043971
20.710441	-7.211184	9.624692	1.894112
20.730417	-19.130221	19.975951	0.847402
20.750442	-8.139472	10.368471	-1.093319
20.770421	-18.385449	16.915984	0.841769
20.790422	-7.581444	9.382994	-1.095246
20.810421	-11.332105	9.312571	-1.049908
20.830441	-7.226679	9.570348	1.883661
20.850405	-11.533458	11.854592	-0.454879
20.870427	-18.515802	20.175299	-1.550055
20.890468	-8.209382	8.958961	1.280025
20.910419	-11.557407	11.829023	-0.458603
20.930407	-19.390449	21.808230	0.821676
20.950420	-7.607857	9.317369	-1.098409
20.970421	-10.962858	10.787135	-0.460683
20.990442	-23.166642	15.184360	2.682521
21.010442	-11.571553	0.019315	-2.801244
21.030405	-10.463031	-2.777523	0.169700
21.050420	-16.210311	-11.805894	2.664609
21.070473	-9.455903	-7.767756	0.161265
21.090423	-11.083724	-13.537715	-2.181253
21.110424	-13.903390	-15.193172	3.244933
21.130423	-8.138735	-11.750507	0.151868
21.150445	-9.252343	-8.956368	-2.809678
21.170443	-8.913552	-8.756074	0.148067
21.190391	-18.857659	-18.134358	-0.310964
21.210463	-8.125222	-11.694891	0.140125
21.230421	-7.960614	-8.183719	0.738576
21.250424	-17.846036	-17.488412	0.268852
21.270420	-8.169303	-11.729657	0.130771
21.290446	-8.919312	-8.730023	0.128105
21.310465	-20.023573	-22.178513	-2.080202
21.330419	-7.978315	-8.173927	0.721604
21.350462	-9.897143	-9.294684	-0.479183
21.370443	-16.170250	-19.879749	0.829431
21.390420	0.000000	0.000000	0.000000
21.410423	-20.077581	-22.168184	-2.109569
21.430480	-8.926923	-8.699739	0.106158
21.450443	-7.637058	-7.949174	3.649973
21.470404	-20.143701	-22.195773	-2.134818
21.490457	-8.938420	-8.694871	0.095413
21.510439	-17.200863	-20.417935	0.184067
21.530394	-8.989610	-8.732364	0.088442
21.550488	-8.929160	-8.670152	0.085364
21.570422	-8.258799	-11.714164	0.083564
21.590467	-8.956341	-8.687808	0.080636
21.610429	-20.198395	-22.151031	-2.176505
21.630442	-8.624719	-8.487457	2.997814
21.650452	-10.940757	-9.851945	-1.656427
21.670377	-17.307916	-20.431137	0.133544
21.690442	-8.963743	-8.666236	0.062604
21.710441	-8.263004	-11.651729	0.060336
21.730420	-21.590951	-19.503101	0.107671
21.750419	-7.292364	-11.064995	0.650846
21.770420	-9.004895	-8.684591	0.049519
21.790407	-9.013283	-8.689186	0.047075
21.810425	-8.275019	-11.623512	0.044525
21.830444	-20.228812	-22.019099	-2.239384
21.850440	-9.019121	-8.676851	0.037367
21.870443	-8.664617	-8.464761	2.942819
21.890439	-20.275559	-22.024542	-2.262616
21.910421	-9.035034	-8.675997	0.026568
21.930532	-16.984167	-16.663460	0.640939
21.950507	-9.044012	-8.674309	0.019131
21.970418	-11.681988	-10.229565	0.598328
21.990425	-20.037491	-18.466456	-1.696989
22.010505	-11.591379	-10.138236	0.582220
22.030444	-12.030574	-10.415628	-2.321614
22.050441	-20.423033	-15.318631	1.175317
22.070423	-9.278999	-7.469160	2.890647
22.090427	-12.000907	-10.376260	-2.325124
22.110420	-20.440038	-15.314599	1.147977
22.130420	0.000000	0.000000	0.000000
22.150445	-20.689749	-18.787673	0.534127
22.170440	-8.489524	-9.627380	-0.020644
22.190431	-11.668203	-10.165892	0.541766
22.210421	-20.817818	-15.512489	-1.774173
22.230422	-17.786804	-17.065710	2.812312
22.250422	-10.346969	-4.729388	-0.037213
22.270422	-21.106641	-18.991903	-2.397859
22.290524	-9.726528	-5.681966	-0.044268
22.310442	-9.117413	-8.664954	-0.047169
22.330531	-17.733469	-16.972372	2.755339
22.350420	-9.834700	-5.741200	-0.055868
22.370442	-12.030799	-10.338569	-2.369905
22.390459	-17.812379	-17.022827	2.738799
22.410423	-9.109800	-8.634781	-0.066513
22.430426	-12.741395	-7.431209	-2.382116
22.450375	-17.887764	-17.069742	2.721515
22.470426	-9.077918	-8.592042	-0.077039
22.490444	-12.737237	-7.423664	-2.390275
22.510418	-20.843163	-18.763418	0.376330
22.530431	-9.103087	-8.602820	-0.087795
22.550421	-11.722720	-10.129277	0.450067
22.570420	-21.299207	-17.016050	-2.501095
22.590415	-8.353347	-6.842439	3.349419
22.610420	-12.077214	-10.322019	-2.412116
22.630399	-21.857981	-19.306304	-0.276272
22.650440	-8.229023	-6.099695	0.487660
22.670514	-10.072770	-9.133673	-0.709032
22.690420	-11.378357	-8.595105	1.019740
22.710472	-20.247673	-19.631273	0.288546
22.730443	-12.334192	-9.134626	0.404009
22.750442	-12.772755	-7.420428	-2.436085
22.770439	-8.785187	-8.381463	2.703974
22.790421	-10.776572	-9.537714	0.990731
22.810444	-23.835558	-20.376968	-2.059335
22.830441	-9.148965	-8.581015	-0.142806
22.850453	-11.753519	-10.086764	0.374768
22.870444	-20.926584	-18.673827	0.218438
22.890423	-9.828941	-5.699685	-0.154705
22.910420	-9.158249	-8.573372	-0.157055
22.930587	-23.351560	-20.001558	0.700786
22.950419	-9.240654	-8.639232	-0.167712
22.970419	-11.209217	-11.064262	0.342961
22.990475	-23.853695	-20.301191	-2.135455
23.010419	-7.854685	-7.806729	3.242940
23.030423	-22.514829	-18.209556	-0.457967
23.050449	-9.166771	-8.544409	-0.187125
23.070503	-9.155545	-8.530534	-0.189339
23.090497	-8.533938	-11.420978	-0.192399
23.110441	-11.834796	-10.089847	0.308475
23.130424	-21.367360	-18.826949	-2.703509
23.150420	-8.837911	-8.340684	2.598915
23.170496	-10.495107	-12.502893	-1.902179
23.190447	-19.072236	-17.485288	1.782915
23.210392	-8.237666	-7.990456	0.385145
23.230394	-12.805792	-10.613060	-0.322230
23.250517	-20.619222	-21.502005	-2.727838
23.270445	-9.243056	-8.559991	-0.226447
23.290382	-8.884061	-8.348961	2.570230
23.310483	-20.665260	-21.506026	-2.751606
23.330417	-8.892342	-8.344455	2.558493
23.350442	-9.209306	-8.509628	-0.239841
23.370541	-19.984104	-17.887634	0.592688
23.390520	-9.591531	-11.940402	-0.848479
23.410445	-20.594559	-19.590546	-0.023393
23.430420	-9.245348	-8.519854	-0.257230
23.450422	-9.173663	-10.361629	-0.259315
23.470420	-21.105603	-18.516579	-0.048945
23.490420	-9.242444	-8.501472	-0.267786
23.510430	-8.260474	-11.127958	2.500501
23.530450	-21.101686	-18.480451	-0.077142
23.550419	-9.265617	-8.507102	-0.280242
23.570448	-11.598896	-13.015893	-2.574483
23.590422	-18.182529	-16.795844	2.195878
23.610419	-7.265252	-7.344875	1.405881
23.630420	-12.244873	-10.191893	-2.588500
23.650431	-17.905570	-19.781517	-0.593537
23.670421	-9.273790	-8.483467	-0.300839
23.690423	-8.913635	-8.272820	2.454294
23.710452	-21.522195	-21.808544	-0.752764
23.730420	-9.292582	-8.484872	-0.313210
23.750443	-9.268718	-8.459706	-0.314834
23.770408	-20.625231	-21.293473	-0.180849
23.790443	-9.270277	-8.448874	-0.323036
23.810441	-18.224387	-16.721077	2.092366
23.830439	0.000000	0.000000	0.000000
23.850421	-21.061042	-22.804157	-0.814615
23.870445	-9.848371	-7.456599	-0.337657
23.890378	-11.370070	-12.808137	0.109830
23.910452	-20.565913	-21.130017	-0.241699
23.930420	-9.321839	-8.458925	-0.350495
23.950444	-11.929534	-9.930526	0.093305
23.970493	-20.614532	-21.135241	-0.269789
23.990416	-9.352057	-8.470242	-0.363147
24.010441	-11.347271	-12.721709	0.077262
24.030455	-19.030397	-20.215544	-1.335843
24.050420	-6.342820	-6.741957	1.919874
24.070422	-11.375168	-12.723072	0.062280
24.090420	-20.130545	-23.943204	-0.324551
24.110420	-9.335739	-8.419118	-0.384685
24.130423	-8.753058	-11.213463	-0.387137
24.150421	-18.736739	-19.984550	1.338679
24.170420	-8.764885	-11.205545	-0.395835
24.190419	-19.110630	-20.168126	-1.398169
24.210421	-6.353597	-6.709008	1.883555
24.230420	-11.419755	-12.686185	0.020691
24.250421	-18.140590	-19.585519	-0.821387
24.270422	-9.778652	-11.741713	-1.013344
24.290420	-8.435530	-10.979223	2.292163
24.310484	-20.743203	-20.986273	-0.421686
24.330421	-6.814477	-10.069764	1.264214
24.350430	-12.370329	-10.068387	-2.713396
24.370452	-17.246468	-22.098245	1.834168
24.390386	-9.413235	-8.403900	-0.439119
24.410429	-8.800755	-11.129882	-0.439207
24.430493	-17.798395	-19.257201	1.803603
24.450441	-9.847749	-11.731899	-1.050590
24.470382	-9.421515	-8.389405	-0.452639
24.490421	-17.285973	-22.029455	1.778976
24.510419	-10.394337	-8.915028	-1.059108
24.530447	-18.227912	-19.455422	-0.926151
24.550420	-8.865434	-11.137183	-0.468083
24.570390	-9.424071	-8.361497	-0.470655
24.590421	-17.338852	-21.994245	1.734348
24.610433	0.000000	0.000000	0.000000
24.630530	-21.826404	-21.382452	-1.153174
24.650418	-8.924293	-11.164577	-0.487237
24.670537	-8.470070	-10.834711	2.179597
24.690427	-22.079944	-21.578613	-1.193696
24.710421	-8.891535	-11.091670	-0.496726
24.730437	-8.528129	-10.877080	2.173840
24.750513	-22.258078	-21.551021	-3.872547
24.770440	-5.912200	-9.431471	1.779151
24.790492	-11.531737	-12.516743	-0.120231
24.810612	-19.240385	-19.811823	-1.619058
24.830420	-8.642379	-10.967782	2.168343
24.850420	-8.920932	-11.057382	-0.522294
24.870427	-20.504529	-23.572615	-0.668302
24.890446	-10.089977	-8.642494	1.530035
24.910555	-17.778198	-21.964608	-1.065468
24.930419	-9.534993	-8.346968	-0.543083
24.950443	-13.111033	-10.301956	-0.761511
24.970454	-18.056910	-19.105436	1.559897
24.990419	-12.159601	-9.772043	-0.176667
25.010420	-9.480532	-8.280184	-0.554878
25.030450	-21.711200	-21.087575	1.302527
25.050420	-12.526001	-9.959131	-2.845334
25.070541	-8.528167	-9.014688	2.066782
25.090391	-22.813486	-18.701231	-1.385125
25.110420	-9.122668	-8.056450	2.062928
25.130423	-12.707712	-8.738649	-0.214792
25.150422	-21.150121	-20.725644	-0.806336
25.170441	-10.130969	-8.601820	1.447369
25.190399	-12.194908	-9.747035	-0.232935
25.210462	-20.557990	-21.631597	-0.834316
25.230420	-10.170803	-8.619530	1.433503
25.250422	-12.177405	-9.715840	-0.249971
25.270447	-19.199132	-15.277193	1.405072
25.290421	-9.531981	-8.253757	-0.616338
25.310422	-20.040214	-17.028599	-1.837561
25.330387	-9.181670	-8.054017	2.003862
25.350505	-22.445649	-21.273388	-4.103679
25.370440	-9.201658	-8.059638	1.994529
25.390423	-21.755321	-17.939403	-0.928929
25.410419	-10.176338	-8.577613	1.375945
25.430423	-9.537166	-8.222646	-0.644615
25.450509	-19.635447	-16.720449	0.713212
25.470419	-9.587190	-8.255838	-0.656342
25.490459	-12.191167	-9.662811	-0.316981
25.510421	-19.281622	-19.519972	0.688469
25.530379	-9.572363	-8.227800	-0.666885
25.550479	-9.148510	-7.971705	1.927378
25.570442	-22.463647	-18.258857	0.991203
25.590453	-21.295678	-20.554900	-1.029931
25.610422	-10.578907	-8.758727	-1.285749
25.630515	-19.680534	-16.663585	0.617467
25.650419	-9.615574	-8.232668	-0.696671
25.670420	-9.210598	-7.994006	1.897885
25.690476	-22.278626	-21.017244	-1.673749
25.710418	-9.605311	-8.208650	-0.707472
25.730420	-10.217327	-8.531484	1.281839
25.750507	-18.722486	-16.094439	1.155825
25.770439	-9.235351	-12.253119	1.272742
25.790427	-13.175164	-8.837420	-2.991617
25.810411	-19.289906	-17.706052	0.532992
25.830441	-10.760007	-7.507555	1.249614
25.850473	-21.363515	-20.438740	-1.157412
25.870419	-9.263869	-7.988441	1.842087
25.890421	-9.599833	-8.160540	-0.743056
25.910414	-22.066013	-20.805575	0.786194
25.930447	-13.262097	-10.138097	-1.045555
25.950390	-21.878584	-16.132421	-1.215953
25.970419	-11.057311	-6.013386	-1.359085
25.990422	-23.844176	-4.209893	1.332136
26.010430	-9.774135	3.434522	-1.668067
26.030428	-8.336527	5.839855	1.492448
26.050551	-18.924850	14.493372	-0.182536
26.070429	-21.079884	14.896928	-3.370158
26.090420	-5.855335	8.469205	3.747820
26.110422	-10.712047	8.713946	-1.678214
26.130484	-15.432396	15.113728	2.054751
26.150442	-11.291142	9.706526	-1.686303
26.170473	-9.351416	9.412407	1.468040
26.190421	-17.997071	16.391489	-1.109950
26.210419	-9.261087	6.550047	-1.088574
26.230443	-10.358897	8.834038	0.862089
26.250421	-17.543230	17.857046	-0.519502
26.270443	-7.703564	10.288229	0.570800
26.290452	-8.830819	8.366108	1.453485
26.310444	-19.664730	15.308058	-0.246345
26.330426	-17.014629	16.771399	-0.535711
26.350445	-10.741101	8.561509	-1.698959
26.370999	-18.062006	16.687763	-1.110457
26.390419	-6.450016	8.392526	1.192713
26.410444	-10.389286	8.726137	0.835533
26.430423	-15.498717	16.241388	0.046430
26.450444	-10.269314	5.865475	-1.707243
26.470401	-18.765617	19.932852	1.381761
26.490420	-9.214068	8.046284	-1.112711
26.510420	-18.252538	17.205160	1.368085
26.530421	-9.789708	9.020117	-1.118079
26.550444	-10.413371	8.642683	0.814594
26.570627	-16.923413	16.365048	-0.574745
26.590422	-10.540212	8.716864	0.817509
26.610420	-10.791584	8.415449	-1.723920
26.630423	-17.235085	19.284184	1.937978
26.650468	-7.277274	7.463540	0.532421
26.670494	-21.297758	21.107006	-0.333657
26.690427	-19.266731	13.921939	-0.342318
26.710460	-7.794231	10.053494	0.525413
26.730420	-10.477188	8.557903	0.788753
26.750513	-17.562463	18.854844	-0.614038
26.770420	-10.002684	5.923465	0.784382
26.790387	-17.689682	18.929092	-0.626274
26.810448	-11.006414	9.444290	0.771785
26.830682	-16.558464	17.862897	1.861821
26.850421	-8.879502	5.301872	-1.164977
26.870420	-11.918677	11.844601	-1.750370
26.890423	-16.769648	18.007921	1.869702
26.910420	-10.899856	6.595416	-1.754559
26.930420	-11.004161	11.027252	0.756924
26.950439	-20.690385	16.953947	-2.912985
26.970507	-6.504456	10.684193	3.596872
26.990428	-10.315548	7.223089	-1.767584
27.010422	-17.917244	21.475708	1.841233
27.030544	-8.178542	9.640571	-1.999843
27.050444	-1.503312	16.665508	-0.850503
27.070439	7.137667	8.452002	1.763821
27.090432	5.449751	7.457016	-3.854809
27.110421	19.130094	18.465638	2.419365
27.130443	15.889823	12.311768	-2.960233
27.150446	9.352913	8.451990	0.899348
27.170521	10.293639	9.000989	1.490018
27.190443	16.316982	12.591327	-0.475771
27.210395	10.352652	9.060701	1.491391
27.230442	8.972385	8.232547	-1.629044
27.250385	19.279370	14.354804	1.768601
27.270442	7.321166	7.259546	-0.782142
27.290442	9.340986	8.467089	0.875272
27.310721	19.036600	17.071785	-0.182195
27.330419	9.478740	8.602169	0.879860
27.350465	10.288650	9.033393	1.459265
27.370420	18.894090	14.154538	-0.812246
27.390513	9.286041	8.438932	0.851397
27.410421	20.351727	17.997081	0.367598
27.430419	6.893628	4.092055	-1.416098
27.450443	9.312111	8.473963	0.842914
27.470499	17.221657	16.113711	-1.918924
27.490419	10.888948	6.468093	1.439393
27.510422	9.315691	8.488735	0.832355
27.530446	18.254450	16.755536	-0.884858
27.550425	7.323005	7.315785	-0.842038
27.570445	13.449490	7.996349	1.136598
27.590421	18.285918	16.807991	-0.916459
27.610463	10.262232	9.064254	1.407126
27.630421	18.291212	16.833000	-0.938188
27.650420	10.836355	6.450053	1.401459
27.670569	18.109373	16.682280	-0.950049
27.690421	7.355491	7.377278	-0.878782
27.710421	9.502376	5.659899	-1.765824
27.730380	19.602372	17.646439	2.175769
27.750483	10.214701	9.052738	1.374201
27.770489	19.758035	14.759614	-0.406567
27.790500	6.662509	6.955446	1.071443
27.810431	10.510577	6.267536	-1.198224
27.830564	21.041281	18.487142	1.225630
27.850453	9.959254	8.949742	-1.214313
27.870473	8.915695	8.310111	-1.809231
27.890449	22.741545	16.573255	1.803506
27.910460	19.156221	17.431164	-0.479708
27.930419	6.887275	4.113472	-1.527069
27.950445	9.879926	8.898993	-1.236458
27.970428	22.718112	16.579477	1.759389
27.990418	6.297726	6.770881	-1.537453
28.010438	12.216798	10.306861	2.993257
28.030378	19.199681	17.518559	-0.538059
28.050442	9.457160	7.337848	-1.859864
28.070442	9.253996	8.550270	0.716177
28.090420	18.331368	21.358121	2.025562
28.110445	7.249281	7.355826	-0.960714
28.130426	16.516509	15.940509	-0.261729
28.150420	8.658601	11.236372	0.700852
28.170422	9.238813	8.562728	0.698067
28.190480	19.038270	19.149449	-0.607603
28.210420	6.289153	6.811976	-1.585431
28.230421	11.251338	12.814204	0.357832
28.250891	17.834029	20.898732	1.917628
28.270418	9.087589	8.569535	-1.970984
28.290420	9.221618	8.579029	0.674557
28.310447	19.378343	19.432432	1.937793
28.330458	6.251896	6.800834	-1.603430
28.350542	9.551150	11.808704	1.257718
28.370419	18.182208	17.075081	-1.297309
28.390442	15.223380	19.632283	-0.364323
28.410390	10.204933	9.208717	1.252286
28.430420	9.187968	8.586177	0.646946
28.450510	18.333291	20.179835	-0.727039
28.470438	9.818591	7.658567	0.641619
28.490392	15.478744	18.542842	-3.031199
28.510423	9.525486	8.809107	3.246903
28.530421	9.811870	8.990145	-1.395362
28.550421	15.186844	19.703526	-0.427043
28.570428	9.178052	8.615435	0.619880
28.590444	9.409422	7.428143	-2.007929
28.610440	18.714289	20.538609	1.824302
28.630478	15.983039	15.812760	-3.086581
28.650422	8.574645	11.364168	0.604224
28.670441	9.541593	10.184894	1.197442
28.690389	18.375283	17.313376	1.195623
28.710419	8.525413	11.326479	0.591616
28.730400	8.816280	8.434875	-2.050582
28.750422	18.876641	19.375998	-0.871095
28.770420	9.153080	8.646311	0.580261
28.790420	10.122781	9.237491	1.176284
28.810505	16.653214	20.683936	-1.491472
28.830393	9.195017	8.701515	0.572231
28.850559	18.090293	18.897543	1.121295
28.870419	9.201232	8.719434	0.565451
28.890442	9.745827	9.028216	-1.492036
28.910503	17.575237	19.984328	1.104844
28.930422	9.165572	8.701201	0.552570
28.950417	8.140592	11.178566	-2.108622
28.970420	21.568565	20.698674	3.962391
28.990502	6.738963	5.882472	-1.732298
29.010423	11.115472	13.034564	0.155491
29.030462	17.578608	21.392672	-0.998706
29.050425	10.694624	8.319579	1.127871
29.070493	7.842877	12.341834	0.522776
29.090485	13.975921	21.044907	-1.238813
29.110403	9.460934	12.065711	1.120080
29.130420	9.033254	10.446519	0.513975
29.150491	13.892744	20.986563	-1.255053
29.170428	7.142248	7.518215	-1.179199
29.190443	7.178741	15.131173	0.503444
29.210402	16.168795	18.009678	-0.683654
29.230490	9.350982	11.989928	1.089945
29.250425	13.940486	21.170830	-1.301149
29.270423	5.823288	9.867790	0.886977
29.290420	9.070951	8.721456	0.486890
29.310455	17.147801	24.450762	1.561895
29.330420	8.411340	11.490046	0.480160
29.350420	9.361309	12.069377	1.075512
29.370456	13.465478	20.895468	-4.018009
29.390478	8.371406	11.469399	0.467385
29.410388	9.015072	10.565247	0.467583
29.430444	19.565378	27.844950	1.109968
29.450418	5.439100	9.698927	-1.829324
29.470442	7.752902	12.453425	0.453681
29.490418	9.044204	8.763196	0.452317
29.510442	8.592466	10.310105	-2.245032
29.530402	17.698370	23.668619	1.490228
29.550419	8.334377	11.506383	0.440243
29.570455	8.322780	11.499157	0.437343
29.590421	17.059672	24.657583	1.469785
29.610420	5.398351	9.713723	-1.855198
29.630421	14.313403	20.284022	-1.432551
29.650421	9.352003	8.995077	3.130649
29.670451	8.299154	11.523765	0.420659
29.690452	16.628799	24.442796	-1.277901
29.710418	5.986513	8.780301	-1.877236
29.730414	11.587169	14.944531	3.296255
29.750499	14.197694	20.246560	-1.468525
29.770419	8.317488	11.610696	0.404044
29.790442	8.270520	11.553991	0.399460
29.810462	17.149135	23.507166	-1.328252
29.830441	8.277036	11.589953	0.391709
29.850509	9.298800	10.342657	0.983982
29.870534	13.582470	21.319109	-1.517077
29.890419	8.557918	10.467074	-2.358314
29.910420	9.214507	12.196338	0.975911
29.930384	16.516424	23.236799	0.748674
29.950420	9.185854	12.185570	0.966835
29.970466	14.228177	18.566557	-1.554197
29.990452	8.580622	11.837861	3.098246
30.010443	8.595265	8.621002	-2.375110
30.030440	17.403254	23.846970	1.310752
30.050424	8.938416	8.848887	0.352496
30.070462	10.869526	11.397142	-0.098419
30.090442	20.813109	16.316882	-2.505258
30.110440	11.837538	10.679100	2.631566
30.130758	11.306809	10.298035	-0.114004
30.150393	9.469073	5.952472	-2.457676
30.170381	10.525973	9.864642	-0.724245
30.190430	26.530861	19.923265	2.023624
30.210432	8.563984	8.636838	-2.431980
30.230424	11.477889	10.474419	-0.143801
30.250422	24.020385	18.370285	2.455406
30.270452	12.180783	7.665614	-0.155920
30.290379	10.540625	9.905654	-0.762054
30.310443	8.871747	8.835706	0.299491
30.330441	15.105862	9.510644	2.126540
30.350420	22.712100	17.570344	-0.950449
30.370423	9.854958	9.474735	0.886377
30.390474	11.422626	10.457410	-0.185321
30.410420	12.570126	7.919412	2.585762
30.430422	19.021707	18.535109	-3.287046
30.450419	13.149739	8.288254	0.395504
30.470415	11.443905	10.493488	-0.207696
30.490490	23.532033	18.106563	-0.427538
30.510421	11.822691	10.751922	2.566341
30.530442	11.819795	7.454948	-3.001812
30.550441	20.301600	19.385526	0.018271
30.570439	13.139045	8.290695	0.359925
30.590516	10.421411	9.857254	-0.838704
30.610443	13.183135	8.320359	0.351946
30.630419	11.433941	10.518231	-0.252861
30.650470	22.565568	17.537869	-1.114657
30.670419	11.442735	10.536882	-0.267068
30.690420	10.447518	9.902920	-0.869422
30.710460	23.523967	18.161920	-0.554677
30.730442	11.761355	10.744823	2.516132
30.750419	23.934283	18.443843	2.223506
30.770457	7.865405	8.281189	-0.393291
30.790448	12.162903	7.690066	-0.299288
30.810437	12.007715	9.566174	-0.303869
30.830420	11.202379	7.084338	-0.907628
30.850442	22.488242	22.207703	2.176659
30.870407	12.172318	7.701132	-0.321306
30.890467	11.347724	10.497701	-0.324365
30.910421	22.617259	17.652120	-1.265956
30.930430	11.715780	10.747661	2.476438
30.950442	12.399460	6.504224	-3.158703
30.970424	20.205857	19.475498	-0.186058
30.990419	13.451755	8.520022	3.065271
31.010420	10.402256	9.930841	-0.958080
31.030455	20.304060	17.547518	-0.212883
31.050419	11.377971	10.563390	-0.372789
31.070442	11.341704	10.534006	-0.376284
31.090441	20.763319	18.521559	-0.243020
31.110464	0.000000	0.000000	0.000000
31.130442	22.101010	20.737311	1.454330
31.150416	10.571339	13.433743	-0.397598
31.170434	16.954961	18.826982	0.250707
31.190421	8.792213	8.949288	0.121836
31.210420	11.331884	10.563708	-0.411882
31.230443	19.905526	21.395388	-0.303566
31.250466	8.766715	8.940307	0.109873
31.270420	11.346409	10.595675	-0.428828
31.290493	21.937697	20.681155	1.375719
31.310458	7.986408	11.849907	0.098653
31.330444	11.316700	10.586728	-0.443894
31.350424	20.086221	19.563302	-0.359320
31.370419	8.760335	8.966494	0.086749
31.390496	11.255142	10.545409	-0.457785
31.410408	19.329752	22.535273	-0.388395
31.430439	11.617270	10.796080	2.384608
31.450420	7.448274	8.148428	-3.390683
31.470425	22.906478	21.408380	1.899031
31.490438	8.733734	8.972007	0.063425
31.510388	22.607260	21.256515	-0.989554
31.530508	8.680489	8.928977	0.053884
31.550469	7.933967	11.895073	0.051825
31.570440	11.628310	10.845790	2.368378
31.590371	10.339664	10.032114	-1.112804
31.610420	19.932248	19.556011	-0.473597
31.630427	11.251058	10.611892	-0.522746
31.650420	10.297527	10.007639	-1.126431
31.670420	19.140204	22.512157	-0.504533
31.690431	8.703673	8.994982	0.025080
31.710489	11.553074	10.815252	2.333657
31.730456	19.972480	19.663696	-0.530528
31.750479	7.732362	8.382109	-0.583345
31.770420	11.263940	10.663182	-0.559627
31.790512	20.173517	19.775127	2.323543
31.810369	8.752836	9.076759	0.003923
31.830419	10.364491	13.511095	-0.571079
31.850444	19.873909	19.633869	-0.581691
31.870462	10.589676	10.242299	1.712911
31.890666	19.342249	19.250434	-3.466819
31.910448	8.769363	9.123101	-0.017263
31.930420	11.562741	10.888688	2.305373
31.950419	22.396128	21.309751	-1.212948
31.970419	11.537629	10.878273	2.294060
31.990421	9.390880	12.959127	-1.214992
32.010446	22.342437	21.297534	-1.245109
32.030421	0.000000	0.000000	0.000000
32.050420	7.798233	22.347673	-0.630245
32.070419	-1.923897	7.804749	0.000166
32.090420	-6.764841	12.968036	0.589236
32.110408	-14.273875	22.003503	2.366046
32.130443	-8.677320	11.694856	-1.134938
32.150452	-7.497176	9.011684	1.773151
32.170420	-17.424884	22.084805	0.036113
32.190493	-8.774957	8.125867	-1.730653
32.210478	-8.719214	11.692922	-1.139272
32.230406	-17.156318	23.656079	0.632937
32.250419	-9.951391	12.210459	1.168161
32.270402	-15.994332	19.462734	-2.281198
32.290419	-8.819311	8.106102	-1.737104
32.310421	-8.397491	11.861769	1.764722
32.330423	-14.722979	21.600949	-0.558143
32.350458	-8.154984	9.874221	1.759256
32.370421	-9.726716	11.008655	-1.743559
32.390484	-17.212127	19.842235	0.019720
32.410444	-8.159816	10.666362	-1.144305
32.430446	-7.273214	7.737361	-1.141795
32.450454	-18.158647	22.747652	0.015948
32.470422	-9.159790	9.231925	1.158618
32.490443	-6.253285	11.862755	0.577910
32.510429	-17.082386	17.873491	0.010380
32.530484	-6.883060	12.773256	0.575349
32.550420	-11.688533	9.673885	-3.476115
32.570472	-16.329962	18.991125	2.895089
32.590458	-7.557073	13.741172	0.575118
32.610421	-8.497127	11.762526	1.751478
32.630419	-17.375950	19.712859	0.000619
32.650419	-8.890518	7.971326	-1.746408
32.670469	-14.857311	21.300606	-0.573520
32.690420	0.000000	0.000000	0.000000
32.710467	-18.255364	22.483825	-0.004104
32.730453	-12.301741	9.148965	-1.177084
32.750440	-7.885580	10.746358	1.741755
32.770422	-18.345439	22.498366	-0.009987
32.790455	-8.855462	11.414539	-1.148513
32.810448	-9.479392	11.021203	1.138255
32.830444	-10.461188	11.724114	-1.750552
32.850441	-8.544435	11.643601	1.735029
32.870452	-17.730510	21.441902	-0.017018
32.890490	-9.817120	10.730454	-1.747819
32.910420	-10.143134	15.482475	1.736882
32.930418	-7.998777	8.505259	-1.153143
32.950419	-9.509047	10.959761	1.130650
32.970420	-20.608101	19.435859	-2.341479
32.990419	-5.830835	11.354505	1.162343
33.010441	-8.870489	9.983339	1.126222
33.030419	-17.564704	19.411109	-0.029861
33.050442	-9.569700	12.247705	-1.154847
33.070468	-16.627024	16.467215	-0.032943
33.090420	-8.647896	8.049104	1.124364
33.110508	-10.168697	-0.062023	0.559099
33.130423	-22.120639	-3.368676	-0.082628
33.150410	-7.149461	-3.557792	2.272296
33.170459	-11.186061	-11.213872	-2.357221
33.190424	-18.395328	-14.820422	-0.102090
33.210422	-8.403815	-9.292387	-0.054658
33.230459	-10.865009	-10.982673	0.494197
33.250420	-19.647237	-17.055978	-1.842035
33.270419	-8.411854	-9.287300	-0.065267
33.290378	-9.003311	-6.215169	2.799741
33.310428	-19.601205	-20.462218	-2.452109
33.330492	-9.296105	-6.414546	-0.075863
33.350421	-10.940255	-11.031899	0.467449
33.370414	-17.757804	-15.719599	-0.166499
33.390419	-8.424310	-9.275787	-0.086928
33.410478	-20.182858	-17.370210	0.357170
33.430442	-9.349053	-6.445563	-0.095479
33.450441	-8.433317	-9.274027	-0.097796
33.470413	-20.281964	-17.441209	0.333074
33.490437	-8.428872	-9.259347	-0.106030
33.510441	-9.334754	-6.431574	-0.108614
33.530425	-19.387043	-20.263125	0.307250
33.550423	-9.340896	-6.433051	-0.117015
33.570443	-10.921984	-10.964871	0.409720
33.590482	-20.238775	-17.371627	0.278705
33.610445	0.000000	0.000000	0.000000
33.630443	-18.460810	-19.588863	0.864453
33.650443	-12.170730	-8.374775	-2.442412
33.670399	-8.139346	-9.044424	2.699754
33.690420	-20.276630	-17.378730	0.237387
33.710399	-11.302813	-11.208685	-2.455834
33.730420	-8.459011	-9.242666	-0.148510
33.750419	-20.312090	-17.390869	0.212462
33.770420	-8.473134	-9.248343	-0.157029
33.790389	-19.472422	-20.234187	0.192994
33.810442	-9.332712	-6.410917	-0.164962
33.830443	-8.142783	-9.011141	2.649147
33.850420	-23.188248	-19.343044	-2.142463
33.870421	-8.486596	-9.239353	-0.177165
33.890506	-8.453110	-9.199214	-0.178902
33.910474	-11.873645	-8.149371	0.325343
33.930465	-10.988803	-10.950556	0.320360
33.950444	-16.070945	-17.843261	0.218808
33.970412	-9.984057	-6.848064	2.016015
33.990422	-10.387256	-10.523461	-1.900345
34.010443	-21.282533	-17.988051	-0.500821
34.030420	-8.516169	-9.238148	-0.205942
34.050419	-8.170392	-8.994510	2.591320
34.070422	-19.775279	-16.942242	-2.128117
34.090400	-8.184693	-9.000721	2.582111
34.110448	-11.321187	-11.134028	-2.515060
34.130421	-20.500560	-20.816417	-0.555564
34.150434	-8.517376	-9.210363	-0.228209
34.170508	-16.988735	-18.359960	-0.462467
34.190419	-8.567054	-9.252988	-0.236882
34.210444	-8.182176	-8.967617	2.544471
34.230499	-17.021691	-18.366349	-0.485070
34.250419	-8.571302	-9.242870	-0.247923
34.270419	-11.126673	-14.340563	-0.365589
34.290758	-16.802771	-18.096315	-0.499693
34.310441	-8.684275	-9.347229	-0.261966
34.330441	-11.047834	-10.903330	0.218545
34.350411	-17.129569	-18.417893	-0.530698
34.370439	-8.205199	-8.949855	2.500692
34.390403	-11.417082	-11.148008	-2.573689
34.410420	-8.213644	-8.951311	2.493476
34.430443	-10.549434	-13.886533	-2.571489
34.450419	-16.813289	-18.161893	2.205702
34.470491	-11.369079	-11.078196	-2.572901
34.490419	-12.057798	-11.567602	-0.420670
34.510585	-16.672021	-17.978148	2.156267
34.530446	-10.661899	-13.979869	-2.611103
34.550451	-19.323967	-19.814262	2.616082
34.570418	-6.091008	-7.480874	-0.771191
34.590434	-8.241491	-8.932406	2.444042
34.610421	-20.037344	-20.280919	-2.923688
34.630465	-8.574864	-9.145454	-0.317006
34.650452	-9.203627	-9.579053	1.832463
34.670409	-19.745741	-20.067425	-0.195328
34.690423	-8.596377	-9.153248	-0.329514
34.710428	-8.601791	-9.155370	-0.332139
34.730449	-19.700946	-19.990789	-0.220408
34.750391	-8.635441	-9.179749	-0.341615
34.770445	-7.435809	-11.647221	2.391052
34.790489	-20.037392	-20.183021	-2.980453
34.810418	-8.309314	-8.947577	2.393790
34.830494	-8.589354	-9.110397	-0.353828
34.850444	-22.325527	-21.737784	0.168541
34.870420	-8.638641	-9.150810	-0.364907
34.890419	-8.630777	-9.138848	-0.366988
34.910419	-19.608732	-21.776342	-0.302503
34.930422	-8.636289	-9.131528	-0.375321
34.950419	-6.093853	-8.784438	1.312171
34.970394	-11.167781	-10.841474	0.055310
34.990448	-17.243125	-18.206342	-0.768458
35.010432	-8.314396	-8.902822	2.333963
35.030401	-11.520996	-11.067730	-2.684902
35.050473	-17.049733	-21.312928	1.321271
35.070422	-8.678784	-9.141215	-0.402066
35.090465	-8.640423	-9.097200	-0.402690
35.110420	-20.829849	-20.607399	-0.989958
35.130419	-16.993076	-17.993758	1.883717
35.150443	-8.659266	-9.098417	-0.417621
35.170443	-11.187915	-10.802682	0.000982
35.190389	-18.791941	-15.928981	1.259029
35.210391	-8.675933	-9.102750	-0.430121
35.230488	-11.925167	-8.029547	-0.015246
35.250440	-22.793606	-21.872293	-2.750833
35.270479	-9.110463	-6.131680	2.252312
35.290404	-21.700116	-17.866733	-1.084438
35.310419	-8.682643	-9.087988	-0.450972
35.330420	-9.131201	-6.142984	2.239662
35.350427	-20.677529	-17.152822	-0.509597
35.370421	-9.642559	-9.728077	-1.062635
35.390484	-11.957391	-8.040821	-0.060180
35.410420	-8.726494	-9.116661	-0.470772
35.430557	-22.723446	-18.489725	2.525538
35.450419	-11.303083	-10.852537	-0.079661
35.470441	-23.545228	-19.048269	-2.849046
35.490480	-10.065301	-6.762628	1.587852
35.510422	-11.265790	-10.804007	-0.096694
35.530531	-20.607343	-17.047173	-0.597113
35.550513	-8.724911	-9.082942	-0.502288
35.570441	-9.178175	-6.162594	2.175953
35.590407	-21.710511	-17.798309	-1.229746
35.610420	-8.717749	-9.064224	-0.513571
35.630419	-11.067429	-7.427904	0.470146
35.650448	-20.553524	-20.203237	1.406915
35.670423	-12.371692	-8.299672	-2.809669
35.690445	-17.863866	-15.184608	1.598216
35.710485	-9.660805	-9.675636	-1.131989
35.730479	-12.022992	-8.062257	-0.157881
35.750511	-19.632010	-19.549060	1.945386
35.770425	-12.416558	-8.322571	-2.838290
35.790480	-11.238842	-10.717840	-0.174667
35.810404	-20.509460	-16.946442	1.920261
35.830440	-12.198813	-11.355268	-0.786787
35.850419	-8.224215	-5.508952	2.684964
35.870498	-23.753689	-22.251996	-3.631436
35.890442	-9.188860	-6.152453	2.075392
35.910440	-8.418054	-8.816489	2.065023
35.930499	-23.593475	-18.960486	-3.067638
35.950529	-10.096891	-6.757506	1.450238
35.970420	-11.355079	-10.789726	-0.230282
35.990478	-20.745182	-17.041258	-0.828544
36.010440	-8.444884	-8.823162	2.037002
36.030422	-21.779716	-17.734273	-1.453865
36.050420	-9.513790	-6.361748	-0.609436
36.070501	-11.260144	-10.677708	-0.257010
36.090419	-19.611221	-14.907665	0.796607
36.110419	-20.095371	-19.740890	-0.895862
36.130528	-8.737816	-8.973538	-0.623979
36.150419	-8.492672	-8.841409	2.001539
36.170538	-21.030977	-18.534110	-1.514402
36.190418	-8.845852	-9.071426	-0.643340
36.210449	-9.070815	-7.829040	1.970548
36.230464	-21.059124	-20.332543	-1.550720
36.250420	-6.888112	-7.741676	1.023528
36.270442	-11.322734	-10.685993	-0.315047
36.290475	-21.056965	-20.299258	-1.577567
36.310419	-8.490741	-8.800539	1.948417
36.330420	-10.713512	-11.636894	-0.333024
36.350451	-21.476822	-16.065878	-1.010110
36.370419	-9.436724	-9.416366	1.327933
36.390420	-19.830685	-19.450437	1.564493
36.410426	0.000000	0.000000	0.000000
36.430420	-21.135009	-20.307680	-1.650448
36.450422	-8.483909	-8.761637	1.901585
36.470444	-10.722196	-11.609079	-0.372649
36.490419	-23.713033	-22.000889	-1.360692
36.510442	-9.453558	-8.025798	-0.706407
36.530386	-12.355882	-11.328185	-0.992066
36.550550	-17.195467	-17.584356	1.147270
36.570431	-9.505108	-9.434531	1.273679
36.590421	-11.388301	-10.664653	-0.408375
36.610466	-22.093851	-22.210899	-0.828476
36.630419	-9.479089	-9.392882	1.249488
36.650420	-12.021045	-9.703458	-0.426917
36.670431	-17.359579	-17.692183	1.091253
36.690518	-12.633726	-11.451203	-3.596765
36.710419	-8.560845	-8.776714	1.832644
36.730421	-20.244233	-20.947116	0.766734
36.750456	-8.851041	-8.939378	-0.758245
36.770432	-20.912356	-20.013629	0.741390
36.790422	-9.505199	-8.005184	-0.769494
36.810469	-9.799949	-9.553582	-1.367399
36.830421	-18.405416	-18.337072	0.412415
36.850435	-19.321423	-20.274540	1.288167
36.870449	-8.877943	-8.933817	-0.786916
36.890420	-9.506173	-9.352525	1.168949
36.910471	-21.501254	-18.955807	0.652478
36.930420	-8.285701	-9.907630	-0.802820
36.950419	-11.439236	-10.612494	-0.516444
36.970472	-9.478021	-9.306009	1.141133
36.990419	-11.473277	-10.635960	-0.527331
37.010422	-19.326680	-21.905143	1.197756
37.030419	-11.452962	-10.602840	-0.540215
37.050422	-11.451649	-10.597409	-0.544690
37.070391	-21.007102	-19.944955	0.561421
37.090426	-8.228188	-11.493262	-0.833285
37.110444	-12.402905	-11.206209	-1.160440
37.130418	-17.516809	-17.615575	0.852341
37.150421	-9.204384	-12.125607	-1.445710
37.170506	-18.379025	-18.128952	0.230288
37.190420	-8.966081	-8.939092	-0.859261
37.210619	-18.250979	-19.640652	0.208361
37.230476	-7.988630	-11.340971	1.674684
37.250423	-9.913680	-9.541882	-1.470851
37.270448	-8.584682	-8.654374	1.652013
37.290422	-19.789021	-23.418743	0.433760
37.310369	-9.922469	-9.533477	-1.484138
37.330431	-17.455491	-20.458810	2.659505
37.350588	-11.755471	-10.692802	-3.127015
37.370415	-6.067504	-10.045492	3.312379
37.390493	-11.465379	-10.506146	-0.640583
37.410440	-20.831850	-22.676520	-2.156526
37.430422	-17.908164	-20.728176	0.094801
37.450441	-9.567496	-9.253048	0.995483
37.470442	-7.982590	-11.211618	1.590526
37.490438	-18.558354	-18.118050	0.062896
37.510442	-9.286116	-12.047613	-1.525021
37.530457	-17.916885	-20.657686	0.041943
37.550509	-8.959561	-8.825796	-0.932542
37.570390	-10.972257	-13.162950	-0.701586
37.590419	-9.582851	-9.228103	0.955908
37.610428	-10.565951	-12.847270	1.788051
37.630498	-20.794713	-22.452293	-2.256807
37.650468	-17.659297	-20.435318	2.473464
37.670447	0.000000	0.000000	0.000000
37.690440	-20.898958	-22.514984	-2.296626
37.710439	-17.656859	-20.384319	2.433266
37.730404	-9.026374	-8.837382	-0.977422
37.750449	-11.878916	-13.631250	-1.348250
37.770440	-17.685946	-20.369789	2.397460
37.790420	-8.408917	-11.378739	-0.990031
37.810443	-12.525946	-11.080539	-1.367573
37.830401	-18.082678	-20.605073	-0.116080
37.850439	-8.054430	-11.110202	1.470536
37.870434	-18.066985	-20.550451	-0.139169
37.890421	-9.997838	-9.422022	-1.611126
37.910462	-9.018927	-11.713007	0.855351
37.930454	-8.700212	-8.573783	1.451943
37.950557	-11.892987	-13.543582	-1.401277
37.970420	-17.259369	-20.031918	0.416421
37.990420	-9.055273	-11.720876	0.833918
38.010390	-21.057977	-22.409865	-2.467699
38.030493	-9.618371	-9.123906	0.816207
38.050475	-8.120038	-11.100225	1.415909
38.070456	-9.682506	-9.175901	0.811471
38.090430	-20.483512	-24.914592	-2.506973
38.110458	-8.711405	-8.530433	1.394274
38.130421	-12.023358	-13.593579	-1.464907
38.150428	-12.676044	-16.906155	1.777792
38.170427	-5.486311	-3.532053	-2.058850
38.190458	-2.566613	-1.652370	0.194873
38.210529	0.591378	-2.521710	0.000000
38.230468	0.000000	0.000000	0.000000
38.250479	-2.569333	-1.653758	0.194760
38.270439	0.000000	0.000000	0.000000
38.290439	-0.956803	-0.615848	-0.598932
38.310484	0.000000	0.000000	0.000000
38.330442	0.345653	0.222480	2.453860
38.350419	-2.919158	-1.878923	-2.256782
38.370433	0.000000	0.000000	0.000000
38.390443	0.344747	0.221897	2.447238
38.410420	-0.957933	-0.616576	-0.599640
38.430451	0.000000	0.000000	0.000000
38.450418	-2.920602	-1.879853	-2.257746
38.470420	0.000000	0.000000	0.000000
38.490449	0.707808	3.362771	3.042478
38.510440	0.000000	0.000000	0.000000
38.530418	0.000000	0.000000	0.000000
38.550486	-2.905791	-1.870731	-2.246593
38.570471	0.000000	0.000000	0.000000
38.590417	0.000000	0.000000	0.000000
38.610419	0.000000	0.000000	0.000000
38.630421	0.956673	0.615900	0.598889
38.650422	-2.915490	-1.876975	-2.253751
38.670443	0.344638	0.221876	2.445025
38.690423	0.000000	0.000000	0.000000
38.710428	0.000000	0.000000	0.000000
38.730420	0.000000	0.000000	0.000000
38.750423	-0.956604	-0.615856	-0.598846
38.770421	0.000000	0.000000	0.000000
38.790419	0.000000	0.000000	0.000000
38.810408	-2.572191	-1.655961	0.193454
38.830407	0.000000	0.000000	0.000000
38.850422	0.000000	0.000000	0.000000
38.870422	0.956787	0.615973	0.598961
38.890422	0.000000	0.000000	0.000000
38.910419	0.000000	0.000000	0.000000
38.930479	0.000000	0.000000	0.000000
38.950422	0.000000	0.000000	0.000000
38.970419	0.000000	0.000000	0.000000
38.990418	-2.915768	-1.877154	-2.253966
39.010419	0.000000	0.000000	0.000000
39.030415	0.000000	0.000000	0.000000
39.050525	0.000000	0.000000	0.000000
39.070410	0.000000	0.000000	0.000000
39.090416	0.000000	0.000000	0.000000
39.110420	0.000000	0.000000	0.000000
39.130450	0.344450	0.221755	2.443309
39.150493	0.000000	0.000000	0.000000
39.170421	0.000000	0.000000	0.000000
39.190444	0.000000	0.000000	0.000000
39.210512	0.000000	0.000000	0.000000
39.230421	0.000000	0.000000	0.000000
39.250422	0.000000	0.000000	0.000000
39.270430	0.000000	0.000000	0.000000
39.290440	0.000000	0.000000	0.000000
39.310419	0.000000	0.000000	0.000000
39.330489	-2.905447	-1.870509	-2.245987
39.350418	0.000000	0.000000	0.000000
39.370371	0.000000	0.000000	0.000000
39.390447	0.000000	0.000000	0.000000
39.410409	0.000000	0.000000	0.000000
39.430373	0.000000	0.000000	0.000000
39.450466	0.000000	0.000000	0.000000
39.470490	0.000000	0.000000	0.000000
39.490563	0.000000	0.000000	0.000000
39.510442	0.000000	0.000000	0.000000
39.530421	0.000000	0.000000	0.000000
39.550419	0.000000	0.000000	0.000000
39.570401	0.345247	0.222268	2.448775
39.590415	0.000000	0.000000	0.000000
39.610439	0.000000	0.000000	0.000000
39.630419	-2.918587	-1.878968	-2.256145
39.650541	0.000000	0.000000	0.000000
39.670484	0.000000	0.000000	0.000000
39.690480	0.000000	0.000000	0.000000
39.710458	0.000000	0.000000	0.000000
39.730366	0.000000	0.000000	0.000000
39.750383	0.000000	0.000000	0.000000
39.770463	0.000000	0.000000	0.000000
39.790401	0.000000	0.000000	0.000000
39.810382	0.345264	0.222279	2.448702
39.830421	-2.909906	-1.873379	-2.249434
39.850482	0.000000	0.000000	0.000000
39.870512	0.000000	0.000000	0.000000
39.890388	0.000000	0.000000	0.000000
39.910466	0.000000	0.000000	0.000000
39.930433	0.000000	0.000000	0.000000
39.950445	0.344709	0.221921	2.444575
39.970421	0.000000	0.000000	0.000000
39.990415	0.000000	0.000000	0.000000
40.010431	0.000000	0.000000	0.000000
40.030370	-2.924589	-1.882832	-2.260785
40.050419	0.614387	-0.954323	0.000053
40.070425	-0.615698	0.956359	-0.000053
40.090379	0.593001	-2.533636	0.000000
40.110431	0.000000	0.000000	0.000000
40.130558	0.342739	0.220605	2.430256
40.150455	0.000000	0.000000	0.000000
40.170391	0.000000	0.000000	0.000000
40.190579	-2.888682	-1.859307	-2.232884
40.210421	0.000000	0.000000	0.000000
40.230421	0.000000	0.000000	0.000000
40.250463	0.000000	0.000000	0.000000
40.270421	0.000000	0.000000	0.000000
40.290429	0.000000	0.000000	0.000000
40.310488	0.343892	0.221347	2.438241
40.330426	0.000000	0.000000	0.000000
40.350499	-2.905185	-1.869929	-2.245640
40.370470	0.000000	0.000000	0.000000
40.390414	0.000000	0.000000	0.000000
